   | 0 | 1 | 2 | 3 | 4 | 5 | 6 | 7 | 8 | 9 |10 |11 |12 |13 |14 |
0  | 4 | 3 | 3 | 3 | 6 | 4 | 5 | 3 | 5 | 6 | 6 | 5 | 5 | 3 | 6 | 
1  | 4 | 4 | 4 | 4 | 5 | 6 | 6 | 3 | 6 | 3 | 5 | 6 | 5 | 4 | 3 | 
2  | 6 | 4 | 5 | 6 | 3 | 3 | 4 | 4 | 3 | 5 | 5 | 5 | 6 | 5 | 4 | 
3  | 4 | 4 | 6 | 3 | 6 | 5 | 6 | 6 | 6 | 5 | 4 | 4 | 5 | 4 | 5 | 
4  | 4 | 4 | 6 | 3 | 4 | 6 | 6 | 3 | 3 | 6 | 4 | 4 | 4 | 5 | 4 | 
5  | 4 | 5 | 5 | 5 | 6 | 5 | 3 | 4 | 3 | 4 | 5 | 4 | 6 | 4 | 6 | 
6  | 4 | 4 | 3 | 6 | 6 | 4 | 4 | 6 | 3 | 5 | 3 | 5 | 5 | 3 | 6 | 
7  | 5 | 3 | 3 | 6 | 6 | 4 | 5 | 3 | 6 | 3 | 4 | 4 | 4 | 6 | 3 | 
8  | 6 | 3 | 6 | 4 | 3 | 4 | 6 | 3 | 6 | 4 | 4 | 6 | 4 | 5 | 6 | 
9  | 4 | 6 | 6 | 3 | 6 | 5 | 4 | 3 | 4 | 5 | 3 | 4 | 4 | 5 | 3 | 
10 | 6 | 3 | 3 | 5 | 5 | 3 | 3 | 5 | 4 | 6 | 5 | 5 | 4 | 3 | 5 | 
11 | 4 | 5 | 4 | 3 | 6 | 5 | 5 | 6 | 5 | 4 | 5 | 5 | 4 | 3 | 6 | 
12 | 6 | 6 | 6 | 6 | 3 | 4 | 6 | 3 | 4 | 6 | 4 | 6 | 4 | 6 | 6 | 
13 | 4 | 4 | 5 | 6 | 6 | 6 | 4 | 4 | 6 | 3 | 6 | 6 | 5 | 6 | 4 | 
14 | 5 | 6 | 5 | 5 | 6 | 3 | 4 | 5 | 6 | 4 | 3 | 6 | 4 | 5 | 5 | 

start: (2, 11)   finish: (8, 13)

   | 0 | 1 | 2 | 3 | 4 | 5 | 6 | 7 | 8 | 9 |10 |11 |12 |13 |14 |
0  | 4 | 3 | 3 | 3 | 6 | 4 | 5 | 3 | 5 | 6 | 6 | 5 | 5 | 3 | 6 | 
1  | 4 | 4 | 4 | 4 | 5 | 6 | 6 | 3 | 6 | 3 | 5 | 6 | 5 | 4 | 3 | 
2  | 6 | 4 | 5 | 6 | 3 | 3 | 4 | 4 | 3 | 5 | 5 | 1 | 6 | 5 | 4 | 
3  | 4 | 4 | 6 | 3 | 6 | 5 | 6 | 6 | 6 | 5 | 4 | 1 | 5 | 4 | 5 | 
4  | 4 | 4 | 6 | 3 | 4 | 6 | 6 | 3 | 3 | 6 | 4 | 1 | 4 | 5 | 4 | 
5  | 4 | 5 | 5 | 5 | 6 | 5 | 3 | 4 | 3 | 4 | 5 | 1 | 6 | 4 | 6 | 
6  | 4 | 4 | 3 | 6 | 6 | 4 | 4 | 6 | 3 | 5 | 3 | 1 | 1 | 3 | 6 | 
7  | 5 | 3 | 3 | 6 | 6 | 4 | 5 | 3 | 6 | 3 | 4 | 4 | 1 | 1 | 3 | 
8  | 6 | 3 | 6 | 4 | 3 | 4 | 6 | 3 | 6 | 4 | 4 | 6 | 4 | 1 | 6 | 
9  | 4 | 6 | 6 | 3 | 6 | 5 | 4 | 3 | 4 | 5 | 3 | 4 | 4 | 5 | 3 | 
10 | 6 | 3 | 3 | 5 | 5 | 3 | 3 | 5 | 4 | 6 | 5 | 5 | 4 | 3 | 5 | 
11 | 4 | 5 | 4 | 3 | 6 | 5 | 5 | 6 | 5 | 4 | 5 | 5 | 4 | 3 | 6 | 
12 | 6 | 6 | 6 | 6 | 3 | 4 | 6 | 3 | 4 | 6 | 4 | 6 | 4 | 6 | 6 | 
13 | 4 | 4 | 5 | 6 | 6 | 6 | 4 | 4 | 6 | 3 | 6 | 6 | 5 | 6 | 4 | 
14 | 5 | 6 | 5 | 5 | 6 | 3 | 4 | 5 | 6 | 4 | 3 | 6 | 4 | 5 | 5 | 

Busca Gulosa
Distancia Euclidiana
Estados gerados: 26
Estados visitados: 9
Custo do caminho: 42

   | 0 | 1 | 2 | 3 | 4 | 5 | 6 | 7 | 8 | 9 |10 |11 |12 |13 |14 |
0  | 4 | 3 | 3 | 3 | 6 | 4 | 5 | 3 | 5 | 6 | 6 | 5 | 5 | 3 | 6 | 
1  | 4 | 4 | 4 | 4 | 5 | 6 | 6 | 3 | 6 | 3 | 5 | 6 | 5 | 4 | 3 | 
2  | 6 | 4 | 5 | 6 | 3 | 3 | 4 | 4 | 3 | 5 | 5 | 1 | 1 | 1 | 4 | 
3  | 4 | 4 | 6 | 3 | 6 | 5 | 6 | 6 | 6 | 5 | 4 | 4 | 5 | 1 | 5 | 
4  | 4 | 4 | 6 | 3 | 4 | 6 | 6 | 3 | 3 | 6 | 4 | 4 | 4 | 1 | 4 | 
5  | 4 | 5 | 5 | 5 | 6 | 5 | 3 | 4 | 3 | 4 | 5 | 4 | 6 | 1 | 6 | 
6  | 4 | 4 | 3 | 6 | 6 | 4 | 4 | 6 | 3 | 5 | 3 | 5 | 5 | 1 | 6 | 
7  | 5 | 3 | 3 | 6 | 6 | 4 | 5 | 3 | 6 | 3 | 4 | 4 | 4 | 1 | 3 | 
8  | 6 | 3 | 6 | 4 | 3 | 4 | 6 | 3 | 6 | 4 | 4 | 6 | 4 | 1 | 6 | 
9  | 4 | 6 | 6 | 3 | 6 | 5 | 4 | 3 | 4 | 5 | 3 | 4 | 4 | 5 | 3 | 
10 | 6 | 3 | 3 | 5 | 5 | 3 | 3 | 5 | 4 | 6 | 5 | 5 | 4 | 3 | 5 | 
11 | 4 | 5 | 4 | 3 | 6 | 5 | 5 | 6 | 5 | 4 | 5 | 5 | 4 | 3 | 6 | 
12 | 6 | 6 | 6 | 6 | 3 | 4 | 6 | 3 | 4 | 6 | 4 | 6 | 4 | 6 | 6 | 
13 | 4 | 4 | 5 | 6 | 6 | 6 | 4 | 4 | 6 | 3 | 6 | 6 | 5 | 6 | 4 | 
14 | 5 | 6 | 5 | 5 | 6 | 3 | 4 | 5 | 6 | 4 | 3 | 6 | 4 | 5 | 5 | 

Busca Gulosa
Distancia Euclidiana
Estados gerados: 26
Estados visitados: 9
Custo do caminho: 43

   | 0 | 1 | 2 | 3 | 4 | 5 | 6 | 7 | 8 | 9 |10 |11 |12 |13 |14 |
0  | 4 | 3 | 3 | 3 | 6 | 4 | 5 | 1 | 1 | 1 | 1 | 1 | 1 | 1 | 1 | 
1  | 4 | 4 | 4 | 4 | 5 | 6 | 6 | 1 | 1 | 1 | 1 | 1 | 1 | 1 | 1 | 
2  | 6 | 4 | 5 | 6 | 3 | 1 | 1 | 1 | 1 | 1 | 1 | 1 | 1 | 1 | 1 | 
3  | 4 | 4 | 6 | 3 | 6 | 5 | 6 | 1 | 1 | 1 | 1 | 1 | 1 | 1 | 1 | 
4  | 4 | 4 | 6 | 3 | 4 | 6 | 6 | 1 | 1 | 1 | 1 | 1 | 1 | 1 | 1 | 
5  | 4 | 5 | 5 | 5 | 6 | 5 | 3 | 4 | 1 | 1 | 1 | 1 | 1 | 1 | 1 | 
6  | 4 | 4 | 3 | 6 | 6 | 4 | 4 | 6 | 1 | 1 | 1 | 1 | 1 | 1 | 1 | 
7  | 5 | 3 | 3 | 6 | 6 | 4 | 5 | 3 | 6 | 1 | 1 | 1 | 1 | 1 | 3 | 
8  | 6 | 3 | 6 | 4 | 3 | 4 | 6 | 3 | 6 | 4 | 1 | 1 | 1 | 1 | 6 | 
9  | 4 | 6 | 6 | 3 | 6 | 5 | 4 | 3 | 4 | 5 | 3 | 1 | 4 | 5 | 3 | 
10 | 6 | 3 | 3 | 5 | 5 | 3 | 3 | 5 | 4 | 6 | 5 | 5 | 4 | 3 | 5 | 
11 | 4 | 5 | 4 | 3 | 6 | 5 | 5 | 6 | 5 | 4 | 5 | 5 | 4 | 3 | 6 | 
12 | 6 | 6 | 6 | 6 | 3 | 4 | 6 | 3 | 4 | 6 | 4 | 6 | 4 | 6 | 6 | 
13 | 4 | 4 | 5 | 6 | 6 | 6 | 4 | 4 | 6 | 3 | 6 | 6 | 5 | 6 | 4 | 
14 | 5 | 6 | 5 | 5 | 6 | 3 | 4 | 5 | 6 | 4 | 3 | 6 | 4 | 5 | 5 | 

A*
Distancia Euclidiana
Estados gerados: 84
Estados visitados: 66
Custo do caminho: 39

   | 0 | 1 | 2 | 3 | 4 | 5 | 6 | 7 | 8 | 9 |10 |11 |12 |13 |14 |
0  | 4 | 3 | 3 | 3 | 6 | 4 | 5 | 3 | 5 | 1 | 1 | 1 | 1 | 1 | 1 | 
1  | 4 | 4 | 4 | 4 | 5 | 6 | 6 | 1 | 1 | 1 | 1 | 1 | 1 | 1 | 1 | 
2  | 6 | 4 | 5 | 6 | 3 | 3 | 1 | 1 | 1 | 1 | 1 | 1 | 1 | 1 | 1 | 
3  | 4 | 4 | 6 | 3 | 6 | 5 | 6 | 1 | 1 | 1 | 1 | 1 | 1 | 1 | 1 | 
4  | 4 | 4 | 6 | 3 | 4 | 6 | 6 | 1 | 1 | 1 | 1 | 1 | 1 | 1 | 1 | 
5  | 4 | 5 | 5 | 5 | 6 | 5 | 3 | 4 | 1 | 1 | 1 | 1 | 1 | 1 | 1 | 
6  | 4 | 4 | 3 | 6 | 6 | 4 | 4 | 6 | 1 | 1 | 1 | 1 | 1 | 1 | 1 | 
7  | 5 | 3 | 3 | 6 | 6 | 4 | 5 | 3 | 6 | 1 | 1 | 1 | 1 | 1 | 3 | 
8  | 6 | 3 | 6 | 4 | 3 | 4 | 6 | 3 | 6 | 4 | 1 | 1 | 1 | 1 | 6 | 
9  | 4 | 6 | 6 | 3 | 6 | 5 | 4 | 3 | 4 | 5 | 3 | 4 | 4 | 5 | 3 | 
10 | 6 | 3 | 3 | 5 | 5 | 3 | 3 | 5 | 4 | 6 | 5 | 5 | 4 | 3 | 5 | 
11 | 4 | 5 | 4 | 3 | 6 | 5 | 5 | 6 | 5 | 4 | 5 | 5 | 4 | 3 | 6 | 
12 | 6 | 6 | 6 | 6 | 3 | 4 | 6 | 3 | 4 | 6 | 4 | 6 | 4 | 6 | 6 | 
13 | 4 | 4 | 5 | 6 | 6 | 6 | 4 | 4 | 6 | 3 | 6 | 6 | 5 | 6 | 4 | 
14 | 5 | 6 | 5 | 5 | 6 | 3 | 4 | 5 | 6 | 4 | 3 | 6 | 4 | 5 | 5 | 

A*
Distancia Euclidiana
Estados gerados: 79
Estados visitados: 62
Custo do caminho: 39

   | 0 | 1 | 2 | 3 | 4 | 5 | 6 | 7 | 8 | 9 |10 |11 |12 |13 |14 |
0  | 5 | 6 | 3 | 6 | 6 | 5 | 6 | 5 | 3 | 4 | 4 | 5 | 4 | 6 | 5 | 
1  | 6 | 4 | 5 | 3 | 5 | 4 | 6 | 5 | 4 | 6 | 6 | 6 | 3 | 5 | 3 | 
2  | 6 | 6 | 4 | 6 | 5 | 5 | 6 | 5 | 5 | 6 | 5 | 4 | 6 | 3 | 4 | 
3  | 6 | 5 | 5 | 5 | 4 | 3 | 5 | 4 | 6 | 3 | 6 | 3 | 6 | 4 | 6 | 
4  | 4 | 3 | 6 | 5 | 4 | 4 | 3 | 6 | 6 | 6 | 6 | 5 | 5 | 3 | 4 | 
5  | 6 | 6 | 5 | 5 | 4 | 5 | 3 | 5 | 3 | 3 | 3 | 4 | 6 | 5 | 5 | 
6  | 4 | 5 | 6 | 6 | 5 | 6 | 3 | 4 | 3 | 4 | 6 | 6 | 4 | 5 | 5 | 
7  | 4 | 5 | 6 | 3 | 6 | 3 | 6 | 6 | 3 | 5 | 6 | 3 | 3 | 5 | 5 | 
8  | 4 | 3 | 5 | 3 | 6 | 4 | 5 | 6 | 3 | 3 | 5 | 5 | 3 | 3 | 3 | 
9  | 6 | 3 | 4 | 6 | 6 | 3 | 4 | 4 | 4 | 5 | 4 | 5 | 4 | 6 | 3 | 
10 | 5 | 3 | 6 | 5 | 3 | 4 | 5 | 5 | 4 | 4 | 3 | 6 | 5 | 4 | 3 | 
11 | 5 | 4 | 6 | 5 | 4 | 5 | 4 | 4 | 4 | 6 | 4 | 5 | 3 | 3 | 6 | 
12 | 3 | 4 | 4 | 3 | 3 | 3 | 5 | 4 | 5 | 4 | 3 | 6 | 4 | 6 | 4 | 
13 | 6 | 4 | 6 | 6 | 5 | 4 | 6 | 6 | 5 | 5 | 4 | 6 | 3 | 3 | 5 | 
14 | 4 | 6 | 5 | 3 | 6 | 4 | 3 | 4 | 4 | 6 | 3 | 6 | 5 | 5 | 3 | 

start: (8, 9)   finish: (6, 14)

   | 0 | 1 | 2 | 3 | 4 | 5 | 6 | 7 | 8 | 9 |10 |11 |12 |13 |14 |
0  | 5 | 6 | 3 | 6 | 6 | 5 | 6 | 5 | 3 | 4 | 4 | 5 | 4 | 6 | 5 | 
1  | 6 | 4 | 5 | 3 | 5 | 4 | 6 | 5 | 4 | 6 | 6 | 6 | 3 | 5 | 3 | 
2  | 6 | 6 | 4 | 6 | 5 | 5 | 6 | 5 | 5 | 6 | 5 | 4 | 6 | 3 | 4 | 
3  | 6 | 5 | 5 | 5 | 4 | 3 | 5 | 4 | 6 | 3 | 6 | 3 | 6 | 4 | 6 | 
4  | 4 | 3 | 6 | 5 | 4 | 4 | 3 | 6 | 6 | 6 | 6 | 5 | 5 | 3 | 4 | 
5  | 6 | 6 | 5 | 5 | 4 | 5 | 3 | 5 | 3 | 3 | 3 | 4 | 6 | 5 | 5 | 
6  | 4 | 5 | 6 | 6 | 5 | 6 | 3 | 4 | 3 | 4 | 6 | 6 | 4 | 1 | 1 | 
7  | 4 | 5 | 6 | 3 | 6 | 3 | 6 | 6 | 3 | 5 | 6 | 3 | 1 | 1 | 5 | 
8  | 4 | 3 | 5 | 3 | 6 | 4 | 5 | 6 | 3 | 1 | 1 | 1 | 1 | 3 | 3 | 
9  | 6 | 3 | 4 | 6 | 6 | 3 | 4 | 4 | 4 | 5 | 4 | 5 | 4 | 6 | 3 | 
10 | 5 | 3 | 6 | 5 | 3 | 4 | 5 | 5 | 4 | 4 | 3 | 6 | 5 | 4 | 3 | 
11 | 5 | 4 | 6 | 5 | 4 | 5 | 4 | 4 | 4 | 6 | 4 | 5 | 3 | 3 | 6 | 
12 | 3 | 4 | 4 | 3 | 3 | 3 | 5 | 4 | 5 | 4 | 3 | 6 | 4 | 6 | 4 | 
13 | 6 | 4 | 6 | 6 | 5 | 4 | 6 | 6 | 5 | 5 | 4 | 6 | 3 | 3 | 5 | 
14 | 4 | 6 | 5 | 3 | 6 | 4 | 3 | 4 | 4 | 6 | 3 | 6 | 5 | 5 | 3 | 

Busca Gulosa
Distancia Euclidiana
Estados gerados: 23
Estados visitados: 8
Custo do caminho: 34

   | 0 | 1 | 2 | 3 | 4 | 5 | 6 | 7 | 8 | 9 |10 |11 |12 |13 |14 |
0  | 5 | 6 | 3 | 6 | 6 | 5 | 6 | 5 | 3 | 4 | 4 | 5 | 4 | 6 | 5 | 
1  | 6 | 4 | 5 | 3 | 5 | 4 | 6 | 5 | 4 | 6 | 6 | 6 | 3 | 5 | 3 | 
2  | 6 | 6 | 4 | 6 | 5 | 5 | 6 | 5 | 5 | 6 | 5 | 4 | 6 | 3 | 4 | 
3  | 6 | 5 | 5 | 5 | 4 | 3 | 5 | 4 | 6 | 3 | 6 | 3 | 6 | 4 | 6 | 
4  | 4 | 3 | 6 | 5 | 4 | 4 | 3 | 6 | 6 | 6 | 6 | 5 | 5 | 3 | 4 | 
5  | 6 | 6 | 5 | 5 | 4 | 5 | 3 | 5 | 3 | 3 | 3 | 4 | 6 | 5 | 5 | 
6  | 4 | 5 | 6 | 6 | 5 | 6 | 3 | 4 | 3 | 1 | 1 | 1 | 1 | 1 | 1 | 
7  | 4 | 5 | 6 | 3 | 6 | 3 | 6 | 6 | 3 | 1 | 6 | 3 | 3 | 5 | 5 | 
8  | 4 | 3 | 5 | 3 | 6 | 4 | 5 | 6 | 3 | 1 | 5 | 5 | 3 | 3 | 3 | 
9  | 6 | 3 | 4 | 6 | 6 | 3 | 4 | 4 | 4 | 5 | 4 | 5 | 4 | 6 | 3 | 
10 | 5 | 3 | 6 | 5 | 3 | 4 | 5 | 5 | 4 | 4 | 3 | 6 | 5 | 4 | 3 | 
11 | 5 | 4 | 6 | 5 | 4 | 5 | 4 | 4 | 4 | 6 | 4 | 5 | 3 | 3 | 6 | 
12 | 3 | 4 | 4 | 3 | 3 | 3 | 5 | 4 | 5 | 4 | 3 | 6 | 4 | 6 | 4 | 
13 | 6 | 4 | 6 | 6 | 5 | 4 | 6 | 6 | 5 | 5 | 4 | 6 | 3 | 3 | 5 | 
14 | 4 | 6 | 5 | 3 | 6 | 4 | 3 | 4 | 4 | 6 | 3 | 6 | 5 | 5 | 3 | 

Busca Gulosa
Distancia Euclidiana
Estados gerados: 23
Estados visitados: 8
Custo do caminho: 38

   | 0 | 1 | 2 | 3 | 4 | 5 | 6 | 7 | 8 | 9 |10 |11 |12 |13 |14 |
0  | 5 | 6 | 3 | 6 | 6 | 5 | 6 | 5 | 3 | 4 | 4 | 5 | 4 | 6 | 5 | 
1  | 6 | 4 | 5 | 3 | 5 | 4 | 6 | 5 | 4 | 6 | 6 | 6 | 3 | 5 | 3 | 
2  | 6 | 6 | 4 | 6 | 5 | 5 | 6 | 5 | 5 | 6 | 5 | 4 | 6 | 3 | 4 | 
3  | 6 | 5 | 5 | 5 | 4 | 3 | 5 | 4 | 6 | 1 | 6 | 3 | 6 | 4 | 6 | 
4  | 4 | 3 | 6 | 5 | 4 | 4 | 3 | 6 | 1 | 1 | 1 | 1 | 5 | 3 | 4 | 
5  | 6 | 6 | 5 | 5 | 4 | 5 | 1 | 1 | 1 | 1 | 1 | 1 | 1 | 5 | 5 | 
6  | 4 | 5 | 6 | 6 | 5 | 6 | 1 | 1 | 1 | 1 | 1 | 1 | 1 | 1 | 1 | 
7  | 4 | 5 | 6 | 3 | 6 | 3 | 1 | 1 | 1 | 1 | 1 | 1 | 1 | 1 | 1 | 
8  | 4 | 3 | 5 | 3 | 6 | 1 | 1 | 1 | 1 | 1 | 1 | 1 | 1 | 1 | 1 | 
9  | 6 | 3 | 4 | 6 | 6 | 1 | 1 | 1 | 1 | 1 | 1 | 1 | 1 | 1 | 1 | 
10 | 5 | 3 | 6 | 5 | 3 | 4 | 1 | 1 | 1 | 1 | 1 | 1 | 1 | 4 | 3 | 
11 | 5 | 4 | 6 | 5 | 4 | 5 | 4 | 1 | 1 | 1 | 1 | 1 | 3 | 3 | 6 | 
12 | 3 | 4 | 4 | 3 | 3 | 3 | 5 | 4 | 1 | 1 | 1 | 6 | 4 | 6 | 4 | 
13 | 6 | 4 | 6 | 6 | 5 | 4 | 6 | 6 | 5 | 5 | 4 | 6 | 3 | 3 | 5 | 
14 | 4 | 6 | 5 | 3 | 6 | 4 | 3 | 4 | 4 | 6 | 3 | 6 | 5 | 5 | 3 | 

A*
Distancia Euclidiana
Estados gerados: 92
Estados visitados: 65
Custo do caminho: 32

   | 0 | 1 | 2 | 3 | 4 | 5 | 6 | 7 | 8 | 9 |10 |11 |12 |13 |14 |
0  | 5 | 6 | 3 | 6 | 6 | 5 | 6 | 5 | 3 | 4 | 4 | 5 | 4 | 6 | 5 | 
1  | 6 | 4 | 5 | 3 | 5 | 4 | 6 | 5 | 4 | 6 | 6 | 6 | 3 | 5 | 3 | 
2  | 6 | 6 | 4 | 6 | 5 | 5 | 6 | 5 | 5 | 6 | 5 | 4 | 6 | 3 | 4 | 
3  | 6 | 5 | 5 | 5 | 4 | 3 | 5 | 4 | 6 | 1 | 6 | 3 | 6 | 4 | 6 | 
4  | 4 | 3 | 6 | 5 | 4 | 4 | 3 | 6 | 1 | 1 | 1 | 1 | 5 | 3 | 4 | 
5  | 6 | 6 | 5 | 5 | 4 | 5 | 1 | 1 | 1 | 1 | 1 | 1 | 1 | 5 | 5 | 
6  | 4 | 5 | 6 | 6 | 5 | 6 | 1 | 1 | 1 | 1 | 1 | 1 | 1 | 1 | 1 | 
7  | 4 | 5 | 6 | 3 | 6 | 3 | 1 | 1 | 1 | 1 | 1 | 1 | 1 | 1 | 1 | 
8  | 4 | 3 | 5 | 3 | 6 | 4 | 1 | 1 | 1 | 1 | 1 | 1 | 1 | 1 | 1 | 
9  | 6 | 3 | 4 | 6 | 6 | 3 | 1 | 1 | 1 | 1 | 1 | 1 | 1 | 1 | 1 | 
10 | 5 | 3 | 6 | 5 | 3 | 4 | 5 | 1 | 1 | 1 | 1 | 1 | 1 | 4 | 3 | 
11 | 5 | 4 | 6 | 5 | 4 | 5 | 4 | 4 | 1 | 1 | 1 | 5 | 3 | 3 | 6 | 
12 | 3 | 4 | 4 | 3 | 3 | 3 | 5 | 4 | 5 | 4 | 3 | 6 | 4 | 6 | 4 | 
13 | 6 | 4 | 6 | 6 | 5 | 4 | 6 | 6 | 5 | 5 | 4 | 6 | 3 | 3 | 5 | 
14 | 4 | 6 | 5 | 3 | 6 | 4 | 3 | 4 | 4 | 6 | 3 | 6 | 5 | 5 | 3 | 

A*
Distancia Euclidiana
Estados gerados: 85
Estados visitados: 57
Custo do caminho: 32

   | 0 | 1 | 2 | 3 | 4 | 5 | 6 | 7 | 8 | 9 |10 |11 |12 |13 |14 |
0  | 6 | 6 | 3 | 3 | 4 | 6 | 6 | 6 | 3 | 6 | 4 | 4 | 3 | 3 | 6 | 
1  | 3 | 3 | 3 | 5 | 3 | 5 | 4 | 5 | 3 | 6 | 6 | 5 | 3 | 5 | 5 | 
2  | 4 | 4 | 6 | 6 | 4 | 4 | 5 | 6 | 6 | 5 | 6 | 6 | 5 | 4 | 3 | 
3  | 3 | 5 | 5 | 3 | 3 | 5 | 3 | 5 | 4 | 4 | 4 | 3 | 3 | 5 | 4 | 
4  | 3 | 5 | 4 | 4 | 4 | 3 | 4 | 3 | 4 | 6 | 3 | 6 | 5 | 3 | 6 | 
5  | 6 | 3 | 4 | 6 | 3 | 4 | 3 | 4 | 4 | 3 | 3 | 6 | 6 | 5 | 6 | 
6  | 5 | 6 | 3 | 3 | 5 | 4 | 6 | 4 | 3 | 6 | 6 | 5 | 5 | 3 | 4 | 
7  | 5 | 5 | 6 | 5 | 5 | 3 | 6 | 3 | 5 | 6 | 5 | 4 | 3 | 4 | 6 | 
8  | 3 | 3 | 6 | 4 | 4 | 5 | 6 | 3 | 3 | 6 | 6 | 4 | 4 | 3 | 4 | 
9  | 4 | 3 | 3 | 5 | 5 | 3 | 3 | 3 | 6 | 4 | 5 | 4 | 4 | 5 | 3 | 
10 | 6 | 3 | 4 | 4 | 5 | 6 | 3 | 4 | 3 | 6 | 6 | 3 | 5 | 3 | 6 | 
11 | 5 | 6 | 6 | 3 | 6 | 4 | 3 | 5 | 4 | 3 | 5 | 4 | 3 | 6 | 6 | 
12 | 5 | 5 | 4 | 3 | 3 | 4 | 6 | 6 | 6 | 6 | 3 | 4 | 3 | 6 | 6 | 
13 | 6 | 6 | 6 | 4 | 6 | 4 | 4 | 6 | 3 | 3 | 5 | 6 | 4 | 4 | 4 | 
14 | 4 | 6 | 6 | 6 | 3 | 5 | 3 | 4 | 6 | 6 | 3 | 3 | 6 | 5 | 5 | 

start: (1, 1)   finish: (10, 11)

   | 0 | 1 | 2 | 3 | 4 | 5 | 6 | 7 | 8 | 9 |10 |11 |12 |13 |14 |
0  | 6 | 6 | 3 | 3 | 4 | 6 | 6 | 6 | 3 | 6 | 4 | 4 | 3 | 3 | 6 | 
1  | 3 | 1 | 1 | 1 | 3 | 5 | 4 | 5 | 3 | 6 | 6 | 5 | 3 | 5 | 5 | 
2  | 4 | 4 | 6 | 1 | 1 | 4 | 5 | 6 | 6 | 5 | 6 | 6 | 5 | 4 | 3 | 
3  | 3 | 5 | 5 | 3 | 1 | 1 | 3 | 5 | 4 | 4 | 4 | 3 | 3 | 5 | 4 | 
4  | 3 | 5 | 4 | 4 | 4 | 1 | 1 | 3 | 4 | 6 | 3 | 6 | 5 | 3 | 6 | 
5  | 6 | 3 | 4 | 6 | 3 | 4 | 1 | 1 | 4 | 3 | 3 | 6 | 6 | 5 | 6 | 
6  | 5 | 6 | 3 | 3 | 5 | 4 | 6 | 1 | 1 | 6 | 6 | 5 | 5 | 3 | 4 | 
7  | 5 | 5 | 6 | 5 | 5 | 3 | 6 | 3 | 1 | 1 | 5 | 4 | 3 | 4 | 6 | 
8  | 3 | 3 | 6 | 4 | 4 | 5 | 6 | 3 | 3 | 1 | 1 | 4 | 4 | 3 | 4 | 
9  | 4 | 3 | 3 | 5 | 5 | 3 | 3 | 3 | 6 | 4 | 1 | 1 | 4 | 5 | 3 | 
10 | 6 | 3 | 4 | 4 | 5 | 6 | 3 | 4 | 3 | 6 | 6 | 1 | 5 | 3 | 6 | 
11 | 5 | 6 | 6 | 3 | 6 | 4 | 3 | 5 | 4 | 3 | 5 | 4 | 3 | 6 | 6 | 
12 | 5 | 5 | 4 | 3 | 3 | 4 | 6 | 6 | 6 | 6 | 3 | 4 | 3 | 6 | 6 | 
13 | 6 | 6 | 6 | 4 | 6 | 4 | 4 | 6 | 3 | 3 | 5 | 6 | 4 | 4 | 4 | 
14 | 4 | 6 | 6 | 6 | 3 | 5 | 3 | 4 | 6 | 6 | 3 | 3 | 6 | 5 | 5 | 

Busca Gulosa
Distancia Euclidiana
Estados gerados: 59
Estados visitados: 20
Custo do caminho: 85

   | 0 | 1 | 2 | 3 | 4 | 5 | 6 | 7 | 8 | 9 |10 |11 |12 |13 |14 |
0  | 6 | 6 | 3 | 3 | 4 | 6 | 6 | 6 | 3 | 6 | 4 | 4 | 3 | 3 | 6 | 
1  | 3 | 1 | 1 | 1 | 1 | 1 | 1 | 1 | 1 | 1 | 1 | 1 | 3 | 5 | 5 | 
2  | 4 | 4 | 6 | 6 | 4 | 4 | 5 | 6 | 6 | 5 | 6 | 1 | 5 | 4 | 3 | 
3  | 3 | 5 | 5 | 3 | 3 | 5 | 3 | 5 | 4 | 4 | 4 | 1 | 3 | 5 | 4 | 
4  | 3 | 5 | 4 | 4 | 4 | 3 | 4 | 3 | 4 | 6 | 3 | 1 | 5 | 3 | 6 | 
5  | 6 | 3 | 4 | 6 | 3 | 4 | 3 | 4 | 4 | 3 | 3 | 1 | 6 | 5 | 6 | 
6  | 5 | 6 | 3 | 3 | 5 | 4 | 6 | 4 | 3 | 6 | 6 | 1 | 5 | 3 | 4 | 
7  | 5 | 5 | 6 | 5 | 5 | 3 | 6 | 3 | 5 | 6 | 5 | 1 | 3 | 4 | 6 | 
8  | 3 | 3 | 6 | 4 | 4 | 5 | 6 | 3 | 3 | 6 | 6 | 1 | 4 | 3 | 4 | 
9  | 4 | 3 | 3 | 5 | 5 | 3 | 3 | 3 | 6 | 4 | 5 | 1 | 4 | 5 | 3 | 
10 | 6 | 3 | 4 | 4 | 5 | 6 | 3 | 4 | 3 | 6 | 6 | 1 | 5 | 3 | 6 | 
11 | 5 | 6 | 6 | 3 | 6 | 4 | 3 | 5 | 4 | 3 | 5 | 4 | 3 | 6 | 6 | 
12 | 5 | 5 | 4 | 3 | 3 | 4 | 6 | 6 | 6 | 6 | 3 | 4 | 3 | 6 | 6 | 
13 | 6 | 6 | 6 | 4 | 6 | 4 | 4 | 6 | 3 | 3 | 5 | 6 | 4 | 4 | 4 | 
14 | 4 | 6 | 6 | 6 | 3 | 5 | 3 | 4 | 6 | 6 | 3 | 3 | 6 | 5 | 5 | 

Busca Gulosa
Distancia Euclidiana
Estados gerados: 59
Estados visitados: 20
Custo do caminho: 89

   | 0 | 1 | 2 | 3 | 4 | 5 | 6 | 7 | 8 | 9 |10 |11 |12 |13 |14 |
0  | 1 | 1 | 1 | 1 | 1 | 1 | 1 | 1 | 1 | 1 | 1 | 1 | 1 | 1 | 1 | 
1  | 1 | 1 | 1 | 1 | 1 | 1 | 1 | 1 | 1 | 1 | 1 | 1 | 1 | 1 | 1 | 
2  | 1 | 1 | 1 | 1 | 1 | 1 | 1 | 1 | 1 | 1 | 1 | 1 | 1 | 1 | 1 | 
3  | 1 | 1 | 1 | 1 | 1 | 1 | 1 | 1 | 1 | 1 | 1 | 1 | 1 | 1 | 1 | 
4  | 1 | 1 | 1 | 1 | 1 | 1 | 1 | 1 | 1 | 1 | 1 | 1 | 1 | 1 | 1 | 
5  | 1 | 1 | 1 | 1 | 1 | 1 | 1 | 1 | 1 | 1 | 1 | 1 | 1 | 1 | 6 | 
6  | 1 | 1 | 1 | 1 | 1 | 1 | 1 | 1 | 1 | 1 | 1 | 1 | 1 | 1 | 4 | 
7  | 1 | 1 | 1 | 1 | 1 | 1 | 1 | 1 | 1 | 1 | 1 | 1 | 1 | 4 | 6 | 
8  | 1 | 1 | 1 | 1 | 1 | 1 | 1 | 1 | 1 | 1 | 1 | 1 | 1 | 3 | 4 | 
9  | 1 | 1 | 1 | 1 | 1 | 1 | 1 | 1 | 1 | 1 | 1 | 1 | 4 | 5 | 3 | 
10 | 1 | 1 | 1 | 1 | 1 | 1 | 1 | 1 | 1 | 1 | 1 | 1 | 5 | 3 | 6 | 
11 | 1 | 1 | 1 | 1 | 1 | 1 | 1 | 1 | 1 | 1 | 1 | 4 | 3 | 6 | 6 | 
12 | 1 | 1 | 1 | 1 | 1 | 1 | 1 | 1 | 1 | 6 | 3 | 4 | 3 | 6 | 6 | 
13 | 1 | 1 | 1 | 1 | 1 | 1 | 1 | 6 | 3 | 3 | 5 | 6 | 4 | 4 | 4 | 
14 | 4 | 1 | 6 | 1 | 3 | 5 | 3 | 4 | 6 | 6 | 3 | 3 | 6 | 5 | 5 | 

A*
Distancia Euclidiana
Estados gerados: 206
Estados visitados: 182
Custo do caminho: 74

   | 0 | 1 | 2 | 3 | 4 | 5 | 6 | 7 | 8 | 9 |10 |11 |12 |13 |14 |
0  | 1 | 1 | 1 | 1 | 1 | 1 | 1 | 1 | 1 | 1 | 1 | 1 | 1 | 1 | 1 | 
1  | 1 | 1 | 1 | 1 | 1 | 1 | 1 | 1 | 1 | 1 | 1 | 1 | 1 | 1 | 1 | 
2  | 1 | 1 | 1 | 1 | 1 | 1 | 1 | 1 | 1 | 1 | 1 | 1 | 1 | 1 | 1 | 
3  | 1 | 1 | 1 | 1 | 1 | 1 | 1 | 1 | 1 | 1 | 1 | 1 | 1 | 1 | 1 | 
4  | 1 | 1 | 1 | 1 | 1 | 1 | 1 | 1 | 1 | 1 | 1 | 1 | 1 | 1 | 6 | 
5  | 1 | 1 | 1 | 1 | 1 | 1 | 1 | 1 | 1 | 1 | 1 | 1 | 1 | 1 | 6 | 
6  | 1 | 1 | 1 | 1 | 1 | 1 | 1 | 1 | 1 | 1 | 1 | 1 | 1 | 1 | 4 | 
7  | 1 | 1 | 1 | 1 | 1 | 1 | 1 | 1 | 1 | 1 | 1 | 1 | 1 | 4 | 6 | 
8  | 1 | 1 | 1 | 1 | 1 | 1 | 1 | 1 | 1 | 1 | 1 | 1 | 1 | 3 | 4 | 
9  | 1 | 1 | 1 | 1 | 1 | 1 | 1 | 1 | 1 | 1 | 1 | 1 | 4 | 5 | 3 | 
10 | 1 | 1 | 1 | 1 | 1 | 1 | 1 | 1 | 1 | 1 | 1 | 1 | 5 | 3 | 6 | 
11 | 1 | 1 | 1 | 1 | 1 | 1 | 1 | 1 | 1 | 1 | 1 | 4 | 3 | 6 | 6 | 
12 | 1 | 1 | 1 | 1 | 1 | 1 | 1 | 1 | 6 | 6 | 3 | 4 | 3 | 6 | 6 | 
13 | 6 | 1 | 1 | 1 | 1 | 4 | 4 | 6 | 3 | 3 | 5 | 6 | 4 | 4 | 4 | 
14 | 4 | 6 | 6 | 6 | 3 | 5 | 3 | 4 | 6 | 6 | 3 | 3 | 6 | 5 | 5 | 

A*
Distancia Euclidiana
Estados gerados: 202
Estados visitados: 175
Custo do caminho: 74

   | 0 | 1 | 2 | 3 | 4 | 5 | 6 | 7 | 8 | 9 |10 |11 |12 |13 |14 |
0  | 3 | 5 | 6 | 5 | 6 | 6 | 5 | 3 | 4 | 6 | 5 | 6 | 4 | 6 | 5 | 
1  | 3 | 5 | 3 | 3 | 5 | 6 | 4 | 4 | 6 | 6 | 4 | 4 | 5 | 4 | 5 | 
2  | 5 | 6 | 5 | 4 | 5 | 4 | 3 | 3 | 3 | 5 | 6 | 6 | 6 | 4 | 4 | 
3  | 6 | 3 | 5 | 6 | 5 | 5 | 4 | 5 | 5 | 3 | 4 | 4 | 4 | 5 | 6 | 
4  | 5 | 6 | 3 | 3 | 3 | 6 | 5 | 6 | 5 | 4 | 6 | 5 | 5 | 6 | 5 | 
5  | 6 | 5 | 6 | 6 | 6 | 3 | 6 | 5 | 4 | 5 | 6 | 3 | 3 | 6 | 5 | 
6  | 4 | 4 | 3 | 3 | 3 | 4 | 4 | 5 | 6 | 4 | 3 | 5 | 5 | 5 | 4 | 
7  | 3 | 6 | 3 | 3 | 5 | 4 | 5 | 3 | 4 | 3 | 6 | 3 | 4 | 5 | 4 | 
8  | 4 | 4 | 6 | 5 | 5 | 3 | 4 | 6 | 4 | 5 | 5 | 6 | 3 | 3 | 3 | 
9  | 6 | 4 | 6 | 6 | 5 | 6 | 4 | 4 | 5 | 6 | 4 | 3 | 5 | 4 | 6 | 
10 | 3 | 3 | 4 | 4 | 3 | 4 | 3 | 5 | 3 | 4 | 4 | 4 | 4 | 5 | 4 | 
11 | 5 | 5 | 6 | 4 | 5 | 5 | 3 | 5 | 3 | 3 | 4 | 4 | 3 | 3 | 5 | 
12 | 5 | 4 | 5 | 3 | 4 | 3 | 3 | 4 | 6 | 3 | 6 | 6 | 3 | 5 | 4 | 
13 | 6 | 4 | 5 | 4 | 3 | 4 | 3 | 6 | 3 | 4 | 5 | 4 | 6 | 4 | 5 | 
14 | 4 | 4 | 5 | 5 | 5 | 6 | 6 | 5 | 4 | 5 | 3 | 6 | 6 | 5 | 3 | 

start: (11, 3)   finish: (7, 11)

   | 0 | 1 | 2 | 3 | 4 | 5 | 6 | 7 | 8 | 9 |10 |11 |12 |13 |14 |
0  | 3 | 5 | 6 | 5 | 6 | 6 | 5 | 3 | 4 | 6 | 5 | 6 | 4 | 6 | 5 | 
1  | 3 | 5 | 3 | 3 | 5 | 6 | 4 | 4 | 6 | 6 | 4 | 4 | 5 | 4 | 5 | 
2  | 5 | 6 | 5 | 4 | 5 | 4 | 3 | 3 | 3 | 5 | 6 | 6 | 6 | 4 | 4 | 
3  | 6 | 3 | 5 | 6 | 5 | 5 | 4 | 5 | 5 | 3 | 4 | 4 | 4 | 5 | 6 | 
4  | 5 | 6 | 3 | 3 | 3 | 6 | 5 | 6 | 5 | 4 | 6 | 5 | 5 | 6 | 5 | 
5  | 6 | 5 | 6 | 6 | 6 | 3 | 6 | 5 | 4 | 5 | 6 | 3 | 3 | 6 | 5 | 
6  | 4 | 4 | 3 | 3 | 3 | 4 | 4 | 5 | 6 | 4 | 3 | 5 | 5 | 5 | 4 | 
7  | 3 | 6 | 3 | 3 | 5 | 4 | 5 | 3 | 4 | 3 | 1 | 1 | 4 | 5 | 4 | 
8  | 4 | 4 | 6 | 5 | 5 | 3 | 4 | 6 | 4 | 1 | 1 | 6 | 3 | 3 | 3 | 
9  | 6 | 4 | 6 | 6 | 5 | 6 | 4 | 4 | 1 | 1 | 4 | 3 | 5 | 4 | 6 | 
10 | 3 | 3 | 4 | 4 | 3 | 4 | 3 | 1 | 1 | 4 | 4 | 4 | 4 | 5 | 4 | 
11 | 5 | 5 | 6 | 1 | 1 | 1 | 1 | 1 | 3 | 3 | 4 | 4 | 3 | 3 | 5 | 
12 | 5 | 4 | 5 | 3 | 4 | 3 | 3 | 4 | 6 | 3 | 6 | 6 | 3 | 5 | 4 | 
13 | 6 | 4 | 5 | 4 | 3 | 4 | 3 | 6 | 3 | 4 | 5 | 4 | 6 | 4 | 5 | 
14 | 4 | 4 | 5 | 5 | 5 | 6 | 6 | 5 | 4 | 5 | 3 | 6 | 6 | 5 | 3 | 

Busca Gulosa
Distancia Euclidiana
Estados gerados: 38
Estados visitados: 13
Custo do caminho: 60

   | 0 | 1 | 2 | 3 | 4 | 5 | 6 | 7 | 8 | 9 |10 |11 |12 |13 |14 |
0  | 3 | 5 | 6 | 5 | 6 | 6 | 5 | 3 | 4 | 6 | 5 | 6 | 4 | 6 | 5 | 
1  | 3 | 5 | 3 | 3 | 5 | 6 | 4 | 4 | 6 | 6 | 4 | 4 | 5 | 4 | 5 | 
2  | 5 | 6 | 5 | 4 | 5 | 4 | 3 | 3 | 3 | 5 | 6 | 6 | 6 | 4 | 4 | 
3  | 6 | 3 | 5 | 6 | 5 | 5 | 4 | 5 | 5 | 3 | 4 | 4 | 4 | 5 | 6 | 
4  | 5 | 6 | 3 | 3 | 3 | 6 | 5 | 6 | 5 | 4 | 6 | 5 | 5 | 6 | 5 | 
5  | 6 | 5 | 6 | 6 | 6 | 3 | 6 | 5 | 4 | 5 | 6 | 3 | 3 | 6 | 5 | 
6  | 4 | 4 | 3 | 3 | 3 | 4 | 4 | 5 | 6 | 4 | 3 | 5 | 5 | 5 | 4 | 
7  | 3 | 6 | 3 | 1 | 1 | 1 | 1 | 1 | 1 | 1 | 1 | 1 | 4 | 5 | 4 | 
8  | 4 | 4 | 6 | 1 | 5 | 3 | 4 | 6 | 4 | 5 | 5 | 6 | 3 | 3 | 3 | 
9  | 6 | 4 | 6 | 1 | 5 | 6 | 4 | 4 | 5 | 6 | 4 | 3 | 5 | 4 | 6 | 
10 | 3 | 3 | 4 | 1 | 3 | 4 | 3 | 5 | 3 | 4 | 4 | 4 | 4 | 5 | 4 | 
11 | 5 | 5 | 6 | 1 | 5 | 5 | 3 | 5 | 3 | 3 | 4 | 4 | 3 | 3 | 5 | 
12 | 5 | 4 | 5 | 3 | 4 | 3 | 3 | 4 | 6 | 3 | 6 | 6 | 3 | 5 | 4 | 
13 | 6 | 4 | 5 | 4 | 3 | 4 | 3 | 6 | 3 | 4 | 5 | 4 | 6 | 4 | 5 | 
14 | 4 | 4 | 5 | 5 | 5 | 6 | 6 | 5 | 4 | 5 | 3 | 6 | 6 | 5 | 3 | 

Busca Gulosa
Distancia Euclidiana
Estados gerados: 38
Estados visitados: 13
Custo do caminho: 55

   | 0 | 1 | 2 | 3 | 4 | 5 | 6 | 7 | 8 | 9 |10 |11 |12 |13 |14 |
0  | 3 | 5 | 6 | 5 | 6 | 6 | 5 | 3 | 4 | 6 | 5 | 6 | 4 | 6 | 5 | 
1  | 3 | 5 | 3 | 3 | 5 | 6 | 4 | 4 | 6 | 6 | 4 | 4 | 5 | 4 | 5 | 
2  | 5 | 6 | 5 | 4 | 5 | 4 | 3 | 3 | 3 | 5 | 6 | 6 | 6 | 4 | 4 | 
3  | 6 | 3 | 5 | 1 | 5 | 5 | 4 | 5 | 5 | 3 | 4 | 4 | 4 | 5 | 6 | 
4  | 5 | 6 | 1 | 1 | 1 | 1 | 5 | 6 | 5 | 4 | 6 | 5 | 5 | 6 | 5 | 
5  | 6 | 1 | 1 | 1 | 1 | 1 | 1 | 1 | 4 | 5 | 6 | 3 | 3 | 6 | 5 | 
6  | 1 | 1 | 1 | 1 | 1 | 1 | 1 | 1 | 1 | 1 | 1 | 5 | 5 | 5 | 4 | 
7  | 1 | 1 | 1 | 1 | 1 | 1 | 1 | 1 | 1 | 1 | 1 | 1 | 4 | 5 | 4 | 
8  | 1 | 1 | 1 | 1 | 1 | 1 | 1 | 1 | 1 | 1 | 1 | 1 | 3 | 3 | 3 | 
9  | 1 | 1 | 1 | 1 | 1 | 1 | 1 | 1 | 1 | 1 | 1 | 1 | 1 | 4 | 6 | 
10 | 1 | 1 | 1 | 1 | 1 | 1 | 1 | 1 | 1 | 1 | 1 | 1 | 1 | 5 | 4 | 
11 | 1 | 1 | 1 | 1 | 1 | 1 | 1 | 1 | 1 | 1 | 1 | 1 | 1 | 1 | 5 | 
12 | 1 | 1 | 1 | 1 | 1 | 1 | 1 | 1 | 1 | 1 | 1 | 1 | 1 | 5 | 4 | 
13 | 1 | 1 | 1 | 1 | 1 | 1 | 1 | 1 | 1 | 1 | 1 | 1 | 6 | 4 | 5 | 
14 | 1 | 1 | 1 | 1 | 1 | 1 | 1 | 1 | 1 | 1 | 1 | 6 | 6 | 5 | 3 | 

A*
Distancia Euclidiana
Estados gerados: 151
Estados visitados: 123
Custo do caminho: 50

   | 0 | 1 | 2 | 3 | 4 | 5 | 6 | 7 | 8 | 9 |10 |11 |12 |13 |14 |
0  | 3 | 5 | 6 | 5 | 6 | 6 | 5 | 3 | 4 | 6 | 5 | 6 | 4 | 6 | 5 | 
1  | 3 | 5 | 3 | 3 | 5 | 6 | 4 | 4 | 6 | 6 | 4 | 4 | 5 | 4 | 5 | 
2  | 5 | 6 | 5 | 4 | 5 | 4 | 3 | 3 | 3 | 5 | 6 | 6 | 6 | 4 | 4 | 
3  | 6 | 3 | 5 | 6 | 5 | 5 | 4 | 5 | 5 | 3 | 4 | 4 | 4 | 5 | 6 | 
4  | 5 | 6 | 1 | 1 | 1 | 1 | 5 | 6 | 5 | 4 | 6 | 5 | 5 | 6 | 5 | 
5  | 6 | 1 | 1 | 1 | 1 | 1 | 1 | 1 | 4 | 5 | 6 | 3 | 3 | 6 | 5 | 
6  | 1 | 1 | 1 | 1 | 1 | 1 | 1 | 1 | 1 | 1 | 1 | 5 | 5 | 5 | 4 | 
7  | 1 | 1 | 1 | 1 | 1 | 1 | 1 | 1 | 1 | 1 | 1 | 1 | 4 | 5 | 4 | 
8  | 1 | 1 | 1 | 1 | 1 | 1 | 1 | 1 | 1 | 1 | 1 | 1 | 3 | 3 | 3 | 
9  | 1 | 1 | 1 | 1 | 1 | 1 | 1 | 1 | 1 | 1 | 1 | 1 | 1 | 4 | 6 | 
10 | 1 | 1 | 1 | 1 | 1 | 1 | 1 | 1 | 1 | 1 | 1 | 1 | 1 | 5 | 4 | 
11 | 1 | 1 | 1 | 1 | 1 | 1 | 1 | 1 | 1 | 1 | 1 | 1 | 1 | 1 | 5 | 
12 | 1 | 1 | 1 | 1 | 1 | 1 | 1 | 1 | 1 | 1 | 1 | 1 | 1 | 5 | 4 | 
13 | 1 | 1 | 1 | 1 | 1 | 1 | 1 | 1 | 1 | 1 | 1 | 1 | 6 | 4 | 5 | 
14 | 1 | 1 | 1 | 1 | 1 | 1 | 1 | 1 | 1 | 1 | 1 | 6 | 6 | 5 | 3 | 

A*
Distancia Euclidiana
Estados gerados: 155
Estados visitados: 122
Custo do caminho: 50

   | 0 | 1 | 2 | 3 | 4 | 5 | 6 | 7 | 8 | 9 |10 |11 |12 |13 |14 |
0  | 5 | 5 | 3 | 4 | 4 | 4 | 4 | 4 | 6 | 3 | 5 | 5 | 5 | 4 | 6 | 
1  | 4 | 5 | 3 | 5 | 6 | 5 | 6 | 4 | 3 | 6 | 5 | 5 | 6 | 6 | 3 | 
2  | 4 | 6 | 6 | 5 | 3 | 6 | 3 | 4 | 6 | 3 | 5 | 5 | 4 | 6 | 5 | 
3  | 5 | 3 | 3 | 6 | 5 | 5 | 5 | 6 | 3 | 3 | 5 | 5 | 4 | 4 | 5 | 
4  | 3 | 4 | 5 | 5 | 5 | 4 | 6 | 6 | 6 | 6 | 4 | 6 | 6 | 4 | 4 | 
5  | 4 | 3 | 4 | 6 | 5 | 3 | 6 | 4 | 3 | 6 | 6 | 4 | 5 | 6 | 4 | 
6  | 3 | 3 | 5 | 5 | 6 | 6 | 6 | 4 | 3 | 6 | 6 | 4 | 6 | 4 | 3 | 
7  | 3 | 3 | 3 | 4 | 5 | 3 | 5 | 6 | 3 | 4 | 6 | 4 | 3 | 4 | 6 | 
8  | 5 | 4 | 5 | 5 | 6 | 4 | 5 | 5 | 5 | 5 | 4 | 3 | 5 | 5 | 6 | 
9  | 5 | 3 | 6 | 4 | 4 | 5 | 3 | 6 | 3 | 6 | 6 | 5 | 3 | 5 | 5 | 
10 | 4 | 6 | 5 | 4 | 4 | 6 | 4 | 4 | 4 | 6 | 5 | 4 | 6 | 3 | 5 | 
11 | 6 | 6 | 4 | 6 | 6 | 3 | 4 | 3 | 6 | 4 | 4 | 6 | 3 | 6 | 5 | 
12 | 5 | 6 | 6 | 3 | 3 | 4 | 3 | 3 | 6 | 6 | 4 | 6 | 3 | 4 | 3 | 
13 | 5 | 4 | 6 | 4 | 3 | 6 | 4 | 5 | 5 | 4 | 4 | 6 | 5 | 4 | 4 | 
14 | 5 | 4 | 4 | 5 | 4 | 5 | 3 | 3 | 4 | 4 | 4 | 6 | 4 | 4 | 4 | 

start: (11, 0)   finish: (8, 14)

   | 0 | 1 | 2 | 3 | 4 | 5 | 6 | 7 | 8 | 9 |10 |11 |12 |13 |14 |
0  | 5 | 5 | 3 | 4 | 4 | 4 | 4 | 4 | 6 | 3 | 5 | 5 | 5 | 4 | 6 | 
1  | 4 | 5 | 3 | 5 | 6 | 5 | 6 | 4 | 3 | 6 | 5 | 5 | 6 | 6 | 3 | 
2  | 4 | 6 | 6 | 5 | 3 | 6 | 3 | 4 | 6 | 3 | 5 | 5 | 4 | 6 | 5 | 
3  | 5 | 3 | 3 | 6 | 5 | 5 | 5 | 6 | 3 | 3 | 5 | 5 | 4 | 4 | 5 | 
4  | 3 | 4 | 5 | 5 | 5 | 4 | 6 | 6 | 6 | 6 | 4 | 6 | 6 | 4 | 4 | 
5  | 4 | 3 | 4 | 6 | 5 | 3 | 6 | 4 | 3 | 6 | 6 | 4 | 5 | 6 | 4 | 
6  | 3 | 3 | 5 | 5 | 6 | 6 | 6 | 4 | 3 | 6 | 6 | 4 | 6 | 4 | 3 | 
7  | 3 | 3 | 3 | 4 | 5 | 3 | 5 | 6 | 3 | 4 | 6 | 4 | 3 | 4 | 6 | 
8  | 5 | 4 | 5 | 5 | 6 | 4 | 5 | 5 | 5 | 5 | 4 | 3 | 5 | 1 | 1 | 
9  | 5 | 3 | 6 | 4 | 4 | 5 | 3 | 6 | 3 | 6 | 6 | 5 | 1 | 1 | 5 | 
10 | 4 | 6 | 5 | 4 | 4 | 6 | 4 | 4 | 4 | 6 | 5 | 1 | 1 | 3 | 5 | 
11 | 1 | 1 | 1 | 1 | 1 | 1 | 1 | 1 | 1 | 1 | 1 | 1 | 3 | 6 | 5 | 
12 | 5 | 6 | 6 | 3 | 3 | 4 | 3 | 3 | 6 | 6 | 4 | 6 | 3 | 4 | 3 | 
13 | 5 | 4 | 6 | 4 | 3 | 6 | 4 | 5 | 5 | 4 | 4 | 6 | 5 | 4 | 4 | 
14 | 5 | 4 | 4 | 5 | 4 | 5 | 3 | 3 | 4 | 4 | 4 | 6 | 4 | 4 | 4 | 

Busca Gulosa
Distancia Euclidiana
Estados gerados: 52
Estados visitados: 18
Custo do caminho: 87

   | 0 | 1 | 2 | 3 | 4 | 5 | 6 | 7 | 8 | 9 |10 |11 |12 |13 |14 |
0  | 5 | 5 | 3 | 4 | 4 | 4 | 4 | 4 | 6 | 3 | 5 | 5 | 5 | 4 | 6 | 
1  | 4 | 5 | 3 | 5 | 6 | 5 | 6 | 4 | 3 | 6 | 5 | 5 | 6 | 6 | 3 | 
2  | 4 | 6 | 6 | 5 | 3 | 6 | 3 | 4 | 6 | 3 | 5 | 5 | 4 | 6 | 5 | 
3  | 5 | 3 | 3 | 6 | 5 | 5 | 5 | 6 | 3 | 3 | 5 | 5 | 4 | 4 | 5 | 
4  | 3 | 4 | 5 | 5 | 5 | 4 | 6 | 6 | 6 | 6 | 4 | 6 | 6 | 4 | 4 | 
5  | 4 | 3 | 4 | 6 | 5 | 3 | 6 | 4 | 3 | 6 | 6 | 4 | 5 | 6 | 4 | 
6  | 3 | 3 | 5 | 5 | 6 | 6 | 6 | 4 | 3 | 6 | 6 | 4 | 6 | 4 | 3 | 
7  | 3 | 3 | 3 | 4 | 5 | 3 | 5 | 6 | 3 | 4 | 6 | 4 | 3 | 4 | 6 | 
8  | 1 | 1 | 1 | 1 | 1 | 1 | 1 | 1 | 1 | 1 | 1 | 1 | 1 | 1 | 1 | 
9  | 1 | 3 | 6 | 4 | 4 | 5 | 3 | 6 | 3 | 6 | 6 | 5 | 3 | 5 | 5 | 
10 | 1 | 6 | 5 | 4 | 4 | 6 | 4 | 4 | 4 | 6 | 5 | 4 | 6 | 3 | 5 | 
11 | 1 | 6 | 4 | 6 | 6 | 3 | 4 | 3 | 6 | 4 | 4 | 6 | 3 | 6 | 5 | 
12 | 5 | 6 | 6 | 3 | 3 | 4 | 3 | 3 | 6 | 6 | 4 | 6 | 3 | 4 | 3 | 
13 | 5 | 4 | 6 | 4 | 3 | 6 | 4 | 5 | 5 | 4 | 4 | 6 | 5 | 4 | 4 | 
14 | 5 | 4 | 4 | 5 | 4 | 5 | 3 | 3 | 4 | 4 | 4 | 6 | 4 | 4 | 4 | 

Busca Gulosa
Distancia Euclidiana
Estados gerados: 49
Estados visitados: 18
Custo do caminho: 87

   | 0 | 1 | 2 | 3 | 4 | 5 | 6 | 7 | 8 | 9 |10 |11 |12 |13 |14 |
0  | 1 | 1 | 1 | 1 | 1 | 1 | 1 | 4 | 6 | 3 | 5 | 5 | 5 | 4 | 6 | 
1  | 1 | 1 | 1 | 1 | 1 | 1 | 1 | 1 | 3 | 6 | 5 | 5 | 6 | 6 | 3 | 
2  | 1 | 1 | 1 | 1 | 1 | 1 | 1 | 1 | 6 | 3 | 5 | 5 | 4 | 6 | 5 | 
3  | 1 | 1 | 1 | 1 | 1 | 1 | 1 | 1 | 1 | 1 | 5 | 5 | 4 | 4 | 5 | 
4  | 1 | 1 | 1 | 1 | 1 | 1 | 1 | 1 | 1 | 1 | 1 | 6 | 6 | 4 | 4 | 
5  | 1 | 1 | 1 | 1 | 1 | 1 | 1 | 1 | 1 | 1 | 1 | 1 | 5 | 6 | 4 | 
6  | 1 | 1 | 1 | 1 | 1 | 1 | 1 | 1 | 1 | 1 | 1 | 1 | 1 | 1 | 3 | 
7  | 1 | 1 | 1 | 1 | 1 | 1 | 1 | 1 | 1 | 1 | 1 | 1 | 1 | 1 | 1 | 
8  | 1 | 1 | 1 | 1 | 1 | 1 | 1 | 1 | 1 | 1 | 1 | 1 | 1 | 1 | 1 | 
9  | 1 | 1 | 1 | 1 | 1 | 1 | 1 | 1 | 1 | 1 | 1 | 1 | 1 | 1 | 1 | 
10 | 1 | 1 | 1 | 1 | 1 | 1 | 1 | 1 | 1 | 1 | 1 | 1 | 1 | 1 | 1 | 
11 | 1 | 1 | 1 | 1 | 1 | 1 | 1 | 1 | 1 | 1 | 1 | 1 | 1 | 1 | 1 | 
12 | 1 | 1 | 1 | 1 | 1 | 1 | 1 | 1 | 1 | 1 | 1 | 1 | 1 | 1 | 1 | 
13 | 1 | 1 | 1 | 1 | 1 | 1 | 1 | 1 | 1 | 1 | 1 | 1 | 1 | 1 | 1 | 
14 | 1 | 1 | 1 | 1 | 1 | 1 | 1 | 1 | 1 | 1 | 1 | 1 | 1 | 1 | 1 | 

A*
Distancia Euclidiana
Estados gerados: 215
Estados visitados: 190
Custo do caminho: 82

   | 0 | 1 | 2 | 3 | 4 | 5 | 6 | 7 | 8 | 9 |10 |11 |12 |13 |14 |
0  | 1 | 1 | 1 | 1 | 1 | 1 | 4 | 4 | 6 | 3 | 5 | 5 | 5 | 4 | 6 | 
1  | 1 | 1 | 1 | 1 | 1 | 1 | 6 | 4 | 3 | 6 | 5 | 5 | 6 | 6 | 3 | 
2  | 1 | 1 | 1 | 1 | 1 | 1 | 1 | 1 | 6 | 3 | 5 | 5 | 4 | 6 | 5 | 
3  | 1 | 1 | 1 | 1 | 1 | 1 | 1 | 1 | 1 | 1 | 5 | 5 | 4 | 4 | 5 | 
4  | 1 | 1 | 1 | 1 | 1 | 1 | 1 | 1 | 1 | 1 | 4 | 6 | 6 | 4 | 4 | 
5  | 1 | 1 | 1 | 1 | 1 | 1 | 1 | 1 | 1 | 1 | 1 | 1 | 5 | 6 | 4 | 
6  | 1 | 1 | 1 | 1 | 1 | 1 | 1 | 1 | 1 | 1 | 1 | 1 | 1 | 1 | 3 | 
7  | 1 | 1 | 1 | 1 | 1 | 1 | 1 | 1 | 1 | 1 | 1 | 1 | 1 | 1 | 1 | 
8  | 1 | 1 | 1 | 1 | 1 | 1 | 1 | 1 | 1 | 1 | 1 | 1 | 1 | 1 | 1 | 
9  | 1 | 1 | 1 | 1 | 1 | 1 | 1 | 1 | 1 | 1 | 1 | 1 | 1 | 1 | 1 | 
10 | 1 | 1 | 1 | 1 | 1 | 1 | 1 | 1 | 1 | 1 | 1 | 1 | 1 | 1 | 1 | 
11 | 1 | 1 | 1 | 1 | 1 | 1 | 1 | 1 | 1 | 1 | 1 | 1 | 1 | 1 | 1 | 
12 | 1 | 1 | 1 | 1 | 1 | 1 | 1 | 1 | 1 | 1 | 1 | 1 | 1 | 1 | 1 | 
13 | 1 | 1 | 1 | 1 | 1 | 1 | 1 | 1 | 1 | 1 | 1 | 1 | 1 | 1 | 1 | 
14 | 1 | 1 | 1 | 1 | 1 | 1 | 1 | 1 | 1 | 1 | 1 | 1 | 1 | 1 | 1 | 

A*
Distancia Euclidiana
Estados gerados: 219
Estados visitados: 186
Custo do caminho: 82

   | 0 | 1 | 2 | 3 | 4 | 5 | 6 | 7 | 8 | 9 |10 |11 |12 |13 |14 |
0  | 4 | 3 | 6 | 6 | 3 | 4 | 3 | 5 | 4 | 4 | 4 | 5 | 5 | 5 | 3 | 
1  | 4 | 5 | 5 | 6 | 4 | 3 | 3 | 3 | 3 | 4 | 6 | 3 | 4 | 3 | 6 | 
2  | 4 | 6 | 3 | 4 | 5 | 6 | 6 | 6 | 5 | 5 | 5 | 6 | 3 | 5 | 5 | 
3  | 5 | 3 | 5 | 3 | 5 | 5 | 5 | 5 | 3 | 6 | 5 | 4 | 3 | 6 | 6 | 
4  | 6 | 3 | 5 | 6 | 4 | 3 | 4 | 3 | 6 | 5 | 6 | 4 | 3 | 4 | 4 | 
5  | 4 | 5 | 6 | 4 | 5 | 5 | 6 | 5 | 4 | 5 | 6 | 6 | 6 | 3 | 6 | 
6  | 6 | 5 | 5 | 3 | 4 | 4 | 4 | 5 | 3 | 4 | 4 | 6 | 5 | 4 | 3 | 
7  | 6 | 6 | 4 | 3 | 3 | 4 | 3 | 4 | 5 | 4 | 6 | 6 | 4 | 4 | 6 | 
8  | 3 | 5 | 6 | 3 | 4 | 3 | 4 | 5 | 3 | 4 | 5 | 5 | 5 | 3 | 4 | 
9  | 4 | 4 | 6 | 3 | 6 | 6 | 5 | 3 | 5 | 6 | 3 | 6 | 6 | 6 | 6 | 
10 | 3 | 4 | 3 | 5 | 6 | 6 | 5 | 3 | 4 | 6 | 4 | 4 | 5 | 4 | 6 | 
11 | 6 | 3 | 4 | 6 | 6 | 5 | 3 | 5 | 6 | 5 | 3 | 4 | 5 | 3 | 6 | 
12 | 6 | 3 | 5 | 3 | 5 | 4 | 5 | 3 | 5 | 5 | 6 | 3 | 3 | 3 | 3 | 
13 | 4 | 5 | 5 | 5 | 4 | 3 | 6 | 3 | 5 | 3 | 4 | 6 | 5 | 3 | 4 | 
14 | 5 | 3 | 4 | 5 | 6 | 4 | 4 | 4 | 5 | 4 | 3 | 3 | 3 | 4 | 3 | 

start: (8, 12)   finish: (8, 14)

   | 0 | 1 | 2 | 3 | 4 | 5 | 6 | 7 | 8 | 9 |10 |11 |12 |13 |14 |
0  | 4 | 3 | 6 | 6 | 3 | 4 | 3 | 5 | 4 | 4 | 4 | 5 | 5 | 5 | 3 | 
1  | 4 | 5 | 5 | 6 | 4 | 3 | 3 | 3 | 3 | 4 | 6 | 3 | 4 | 3 | 6 | 
2  | 4 | 6 | 3 | 4 | 5 | 6 | 6 | 6 | 5 | 5 | 5 | 6 | 3 | 5 | 5 | 
3  | 5 | 3 | 5 | 3 | 5 | 5 | 5 | 5 | 3 | 6 | 5 | 4 | 3 | 6 | 6 | 
4  | 6 | 3 | 5 | 6 | 4 | 3 | 4 | 3 | 6 | 5 | 6 | 4 | 3 | 4 | 4 | 
5  | 4 | 5 | 6 | 4 | 5 | 5 | 6 | 5 | 4 | 5 | 6 | 6 | 6 | 3 | 6 | 
6  | 6 | 5 | 5 | 3 | 4 | 4 | 4 | 5 | 3 | 4 | 4 | 6 | 5 | 4 | 3 | 
7  | 6 | 6 | 4 | 3 | 3 | 4 | 3 | 4 | 5 | 4 | 6 | 6 | 4 | 4 | 6 | 
8  | 3 | 5 | 6 | 3 | 4 | 3 | 4 | 5 | 3 | 4 | 5 | 5 | 1 | 1 | 1 | 
9  | 4 | 4 | 6 | 3 | 6 | 6 | 5 | 3 | 5 | 6 | 3 | 6 | 6 | 6 | 6 | 
10 | 3 | 4 | 3 | 5 | 6 | 6 | 5 | 3 | 4 | 6 | 4 | 4 | 5 | 4 | 6 | 
11 | 6 | 3 | 4 | 6 | 6 | 5 | 3 | 5 | 6 | 5 | 3 | 4 | 5 | 3 | 6 | 
12 | 6 | 3 | 5 | 3 | 5 | 4 | 5 | 3 | 5 | 5 | 6 | 3 | 3 | 3 | 3 | 
13 | 4 | 5 | 5 | 5 | 4 | 3 | 6 | 3 | 5 | 3 | 4 | 6 | 5 | 3 | 4 | 
14 | 5 | 3 | 4 | 5 | 6 | 4 | 4 | 4 | 5 | 4 | 3 | 3 | 3 | 4 | 3 | 

Busca Gulosa
Distancia Euclidiana
Estados gerados: 8
Estados visitados: 3
Custo do caminho: 12

   | 0 | 1 | 2 | 3 | 4 | 5 | 6 | 7 | 8 | 9 |10 |11 |12 |13 |14 |
0  | 4 | 3 | 6 | 6 | 3 | 4 | 3 | 5 | 4 | 4 | 4 | 5 | 5 | 5 | 3 | 
1  | 4 | 5 | 5 | 6 | 4 | 3 | 3 | 3 | 3 | 4 | 6 | 3 | 4 | 3 | 6 | 
2  | 4 | 6 | 3 | 4 | 5 | 6 | 6 | 6 | 5 | 5 | 5 | 6 | 3 | 5 | 5 | 
3  | 5 | 3 | 5 | 3 | 5 | 5 | 5 | 5 | 3 | 6 | 5 | 4 | 3 | 6 | 6 | 
4  | 6 | 3 | 5 | 6 | 4 | 3 | 4 | 3 | 6 | 5 | 6 | 4 | 3 | 4 | 4 | 
5  | 4 | 5 | 6 | 4 | 5 | 5 | 6 | 5 | 4 | 5 | 6 | 6 | 6 | 3 | 6 | 
6  | 6 | 5 | 5 | 3 | 4 | 4 | 4 | 5 | 3 | 4 | 4 | 6 | 5 | 4 | 3 | 
7  | 6 | 6 | 4 | 3 | 3 | 4 | 3 | 4 | 5 | 4 | 6 | 6 | 4 | 4 | 6 | 
8  | 3 | 5 | 6 | 3 | 4 | 3 | 4 | 5 | 3 | 4 | 5 | 5 | 1 | 1 | 1 | 
9  | 4 | 4 | 6 | 3 | 6 | 6 | 5 | 3 | 5 | 6 | 3 | 6 | 6 | 6 | 6 | 
10 | 3 | 4 | 3 | 5 | 6 | 6 | 5 | 3 | 4 | 6 | 4 | 4 | 5 | 4 | 6 | 
11 | 6 | 3 | 4 | 6 | 6 | 5 | 3 | 5 | 6 | 5 | 3 | 4 | 5 | 3 | 6 | 
12 | 6 | 3 | 5 | 3 | 5 | 4 | 5 | 3 | 5 | 5 | 6 | 3 | 3 | 3 | 3 | 
13 | 4 | 5 | 5 | 5 | 4 | 3 | 6 | 3 | 5 | 3 | 4 | 6 | 5 | 3 | 4 | 
14 | 5 | 3 | 4 | 5 | 6 | 4 | 4 | 4 | 5 | 4 | 3 | 3 | 3 | 4 | 3 | 

Busca Gulosa
Distancia Euclidiana
Estados gerados: 8
Estados visitados: 3
Custo do caminho: 12

   | 0 | 1 | 2 | 3 | 4 | 5 | 6 | 7 | 8 | 9 |10 |11 |12 |13 |14 |
0  | 4 | 3 | 6 | 6 | 3 | 4 | 3 | 5 | 4 | 4 | 4 | 5 | 5 | 5 | 3 | 
1  | 4 | 5 | 5 | 6 | 4 | 3 | 3 | 3 | 3 | 4 | 6 | 3 | 4 | 3 | 6 | 
2  | 4 | 6 | 3 | 4 | 5 | 6 | 6 | 6 | 5 | 5 | 5 | 6 | 3 | 5 | 5 | 
3  | 5 | 3 | 5 | 3 | 5 | 5 | 5 | 5 | 3 | 6 | 5 | 4 | 3 | 6 | 6 | 
4  | 6 | 3 | 5 | 6 | 4 | 3 | 4 | 3 | 6 | 5 | 6 | 4 | 3 | 4 | 4 | 
5  | 4 | 5 | 6 | 4 | 5 | 5 | 6 | 5 | 4 | 5 | 6 | 6 | 6 | 3 | 6 | 
6  | 6 | 5 | 5 | 3 | 4 | 4 | 4 | 5 | 3 | 4 | 4 | 6 | 5 | 4 | 3 | 
7  | 6 | 6 | 4 | 3 | 3 | 4 | 3 | 4 | 5 | 4 | 6 | 6 | 1 | 4 | 6 | 
8  | 3 | 5 | 6 | 3 | 4 | 3 | 4 | 5 | 3 | 4 | 5 | 5 | 1 | 1 | 1 | 
9  | 4 | 4 | 6 | 3 | 6 | 6 | 5 | 3 | 5 | 6 | 3 | 6 | 6 | 6 | 6 | 
10 | 3 | 4 | 3 | 5 | 6 | 6 | 5 | 3 | 4 | 6 | 4 | 4 | 5 | 4 | 6 | 
11 | 6 | 3 | 4 | 6 | 6 | 5 | 3 | 5 | 6 | 5 | 3 | 4 | 5 | 3 | 6 | 
12 | 6 | 3 | 5 | 3 | 5 | 4 | 5 | 3 | 5 | 5 | 6 | 3 | 3 | 3 | 3 | 
13 | 4 | 5 | 5 | 5 | 4 | 3 | 6 | 3 | 5 | 3 | 4 | 6 | 5 | 3 | 4 | 
14 | 5 | 3 | 4 | 5 | 6 | 4 | 4 | 4 | 5 | 4 | 3 | 3 | 3 | 4 | 3 | 

A*
Distancia Euclidiana
Estados gerados: 10
Estados visitados: 4
Custo do caminho: 12

   | 0 | 1 | 2 | 3 | 4 | 5 | 6 | 7 | 8 | 9 |10 |11 |12 |13 |14 |
0  | 4 | 3 | 6 | 6 | 3 | 4 | 3 | 5 | 4 | 4 | 4 | 5 | 5 | 5 | 3 | 
1  | 4 | 5 | 5 | 6 | 4 | 3 | 3 | 3 | 3 | 4 | 6 | 3 | 4 | 3 | 6 | 
2  | 4 | 6 | 3 | 4 | 5 | 6 | 6 | 6 | 5 | 5 | 5 | 6 | 3 | 5 | 5 | 
3  | 5 | 3 | 5 | 3 | 5 | 5 | 5 | 5 | 3 | 6 | 5 | 4 | 3 | 6 | 6 | 
4  | 6 | 3 | 5 | 6 | 4 | 3 | 4 | 3 | 6 | 5 | 6 | 4 | 3 | 4 | 4 | 
5  | 4 | 5 | 6 | 4 | 5 | 5 | 6 | 5 | 4 | 5 | 6 | 6 | 6 | 3 | 6 | 
6  | 6 | 5 | 5 | 3 | 4 | 4 | 4 | 5 | 3 | 4 | 4 | 6 | 5 | 4 | 3 | 
7  | 6 | 6 | 4 | 3 | 3 | 4 | 3 | 4 | 5 | 4 | 6 | 6 | 1 | 4 | 6 | 
8  | 3 | 5 | 6 | 3 | 4 | 3 | 4 | 5 | 3 | 4 | 5 | 5 | 1 | 1 | 1 | 
9  | 4 | 4 | 6 | 3 | 6 | 6 | 5 | 3 | 5 | 6 | 3 | 6 | 6 | 6 | 6 | 
10 | 3 | 4 | 3 | 5 | 6 | 6 | 5 | 3 | 4 | 6 | 4 | 4 | 5 | 4 | 6 | 
11 | 6 | 3 | 4 | 6 | 6 | 5 | 3 | 5 | 6 | 5 | 3 | 4 | 5 | 3 | 6 | 
12 | 6 | 3 | 5 | 3 | 5 | 4 | 5 | 3 | 5 | 5 | 6 | 3 | 3 | 3 | 3 | 
13 | 4 | 5 | 5 | 5 | 4 | 3 | 6 | 3 | 5 | 3 | 4 | 6 | 5 | 3 | 4 | 
14 | 5 | 3 | 4 | 5 | 6 | 4 | 4 | 4 | 5 | 4 | 3 | 3 | 3 | 4 | 3 | 

A*
Distancia Euclidiana
Estados gerados: 10
Estados visitados: 4
Custo do caminho: 12

   | 0 | 1 | 2 | 3 | 4 | 5 | 6 | 7 | 8 | 9 |10 |11 |12 |13 |14 |
0  | 4 | 6 | 3 | 5 | 5 | 5 | 6 | 3 | 5 | 4 | 4 | 3 | 3 | 5 | 6 | 
1  | 4 | 5 | 3 | 6 | 3 | 4 | 6 | 3 | 6 | 4 | 3 | 6 | 5 | 4 | 6 | 
2  | 3 | 5 | 4 | 5 | 3 | 3 | 6 | 5 | 3 | 5 | 3 | 6 | 6 | 3 | 5 | 
3  | 3 | 3 | 4 | 4 | 6 | 3 | 5 | 3 | 3 | 6 | 6 | 4 | 6 | 3 | 3 | 
4  | 5 | 6 | 6 | 6 | 5 | 6 | 4 | 3 | 4 | 5 | 5 | 5 | 6 | 5 | 3 | 
5  | 5 | 6 | 5 | 3 | 5 | 4 | 5 | 5 | 6 | 3 | 5 | 3 | 3 | 4 | 6 | 
6  | 6 | 6 | 3 | 6 | 4 | 6 | 6 | 3 | 6 | 3 | 6 | 5 | 3 | 4 | 3 | 
7  | 3 | 3 | 6 | 4 | 6 | 6 | 6 | 3 | 5 | 6 | 5 | 5 | 5 | 3 | 6 | 
8  | 3 | 5 | 3 | 3 | 6 | 4 | 4 | 4 | 5 | 3 | 3 | 5 | 6 | 6 | 5 | 
9  | 3 | 5 | 4 | 6 | 4 | 4 | 6 | 6 | 4 | 6 | 4 | 3 | 6 | 5 | 4 | 
10 | 6 | 6 | 6 | 6 | 5 | 3 | 3 | 6 | 5 | 6 | 4 | 3 | 5 | 4 | 5 | 
11 | 6 | 4 | 5 | 6 | 3 | 6 | 5 | 3 | 6 | 6 | 4 | 4 | 5 | 6 | 3 | 
12 | 4 | 5 | 3 | 3 | 6 | 3 | 6 | 3 | 3 | 3 | 5 | 3 | 3 | 3 | 3 | 
13 | 5 | 6 | 3 | 4 | 5 | 4 | 3 | 4 | 6 | 5 | 6 | 5 | 6 | 3 | 6 | 
14 | 4 | 3 | 5 | 5 | 5 | 5 | 3 | 3 | 6 | 4 | 3 | 6 | 5 | 4 | 6 | 

start: (12, 6)   finish: (14, 7)

   | 0 | 1 | 2 | 3 | 4 | 5 | 6 | 7 | 8 | 9 |10 |11 |12 |13 |14 |
0  | 4 | 6 | 3 | 5 | 5 | 5 | 6 | 3 | 5 | 4 | 4 | 3 | 3 | 5 | 6 | 
1  | 4 | 5 | 3 | 6 | 3 | 4 | 6 | 3 | 6 | 4 | 3 | 6 | 5 | 4 | 6 | 
2  | 3 | 5 | 4 | 5 | 3 | 3 | 6 | 5 | 3 | 5 | 3 | 6 | 6 | 3 | 5 | 
3  | 3 | 3 | 4 | 4 | 6 | 3 | 5 | 3 | 3 | 6 | 6 | 4 | 6 | 3 | 3 | 
4  | 5 | 6 | 6 | 6 | 5 | 6 | 4 | 3 | 4 | 5 | 5 | 5 | 6 | 5 | 3 | 
5  | 5 | 6 | 5 | 3 | 5 | 4 | 5 | 5 | 6 | 3 | 5 | 3 | 3 | 4 | 6 | 
6  | 6 | 6 | 3 | 6 | 4 | 6 | 6 | 3 | 6 | 3 | 6 | 5 | 3 | 4 | 3 | 
7  | 3 | 3 | 6 | 4 | 6 | 6 | 6 | 3 | 5 | 6 | 5 | 5 | 5 | 3 | 6 | 
8  | 3 | 5 | 3 | 3 | 6 | 4 | 4 | 4 | 5 | 3 | 3 | 5 | 6 | 6 | 5 | 
9  | 3 | 5 | 4 | 6 | 4 | 4 | 6 | 6 | 4 | 6 | 4 | 3 | 6 | 5 | 4 | 
10 | 6 | 6 | 6 | 6 | 5 | 3 | 3 | 6 | 5 | 6 | 4 | 3 | 5 | 4 | 5 | 
11 | 6 | 4 | 5 | 6 | 3 | 6 | 5 | 3 | 6 | 6 | 4 | 4 | 5 | 6 | 3 | 
12 | 4 | 5 | 3 | 3 | 6 | 3 | 1 | 3 | 3 | 3 | 5 | 3 | 3 | 3 | 3 | 
13 | 5 | 6 | 3 | 4 | 5 | 4 | 1 | 1 | 6 | 5 | 6 | 5 | 6 | 3 | 6 | 
14 | 4 | 3 | 5 | 5 | 5 | 5 | 3 | 1 | 6 | 4 | 3 | 6 | 5 | 4 | 6 | 

Busca Gulosa
Distancia Euclidiana
Estados gerados: 11
Estados visitados: 4
Custo do caminho: 16

   | 0 | 1 | 2 | 3 | 4 | 5 | 6 | 7 | 8 | 9 |10 |11 |12 |13 |14 |
0  | 4 | 6 | 3 | 5 | 5 | 5 | 6 | 3 | 5 | 4 | 4 | 3 | 3 | 5 | 6 | 
1  | 4 | 5 | 3 | 6 | 3 | 4 | 6 | 3 | 6 | 4 | 3 | 6 | 5 | 4 | 6 | 
2  | 3 | 5 | 4 | 5 | 3 | 3 | 6 | 5 | 3 | 5 | 3 | 6 | 6 | 3 | 5 | 
3  | 3 | 3 | 4 | 4 | 6 | 3 | 5 | 3 | 3 | 6 | 6 | 4 | 6 | 3 | 3 | 
4  | 5 | 6 | 6 | 6 | 5 | 6 | 4 | 3 | 4 | 5 | 5 | 5 | 6 | 5 | 3 | 
5  | 5 | 6 | 5 | 3 | 5 | 4 | 5 | 5 | 6 | 3 | 5 | 3 | 3 | 4 | 6 | 
6  | 6 | 6 | 3 | 6 | 4 | 6 | 6 | 3 | 6 | 3 | 6 | 5 | 3 | 4 | 3 | 
7  | 3 | 3 | 6 | 4 | 6 | 6 | 6 | 3 | 5 | 6 | 5 | 5 | 5 | 3 | 6 | 
8  | 3 | 5 | 3 | 3 | 6 | 4 | 4 | 4 | 5 | 3 | 3 | 5 | 6 | 6 | 5 | 
9  | 3 | 5 | 4 | 6 | 4 | 4 | 6 | 6 | 4 | 6 | 4 | 3 | 6 | 5 | 4 | 
10 | 6 | 6 | 6 | 6 | 5 | 3 | 3 | 6 | 5 | 6 | 4 | 3 | 5 | 4 | 5 | 
11 | 6 | 4 | 5 | 6 | 3 | 6 | 5 | 3 | 6 | 6 | 4 | 4 | 5 | 6 | 3 | 
12 | 4 | 5 | 3 | 3 | 6 | 3 | 1 | 1 | 3 | 3 | 5 | 3 | 3 | 3 | 3 | 
13 | 5 | 6 | 3 | 4 | 5 | 4 | 3 | 1 | 6 | 5 | 6 | 5 | 6 | 3 | 6 | 
14 | 4 | 3 | 5 | 5 | 5 | 5 | 3 | 1 | 6 | 4 | 3 | 6 | 5 | 4 | 6 | 

Busca Gulosa
Distancia Euclidiana
Estados gerados: 11
Estados visitados: 4
Custo do caminho: 16

   | 0 | 1 | 2 | 3 | 4 | 5 | 6 | 7 | 8 | 9 |10 |11 |12 |13 |14 |
0  | 4 | 6 | 3 | 5 | 5 | 5 | 6 | 3 | 5 | 4 | 4 | 3 | 3 | 5 | 6 | 
1  | 4 | 5 | 3 | 6 | 3 | 4 | 6 | 3 | 6 | 4 | 3 | 6 | 5 | 4 | 6 | 
2  | 3 | 5 | 4 | 5 | 3 | 3 | 6 | 5 | 3 | 5 | 3 | 6 | 6 | 3 | 5 | 
3  | 3 | 3 | 4 | 4 | 6 | 3 | 5 | 3 | 3 | 6 | 6 | 4 | 6 | 3 | 3 | 
4  | 5 | 6 | 6 | 6 | 5 | 6 | 4 | 3 | 4 | 5 | 5 | 5 | 6 | 5 | 3 | 
5  | 5 | 6 | 5 | 3 | 5 | 4 | 5 | 5 | 6 | 3 | 5 | 3 | 3 | 4 | 6 | 
6  | 6 | 6 | 3 | 6 | 4 | 6 | 6 | 3 | 6 | 3 | 6 | 5 | 3 | 4 | 3 | 
7  | 3 | 3 | 6 | 4 | 6 | 6 | 6 | 3 | 5 | 6 | 5 | 5 | 5 | 3 | 6 | 
8  | 3 | 5 | 3 | 3 | 6 | 4 | 4 | 4 | 5 | 3 | 3 | 5 | 6 | 6 | 5 | 
9  | 3 | 5 | 4 | 6 | 4 | 4 | 6 | 6 | 4 | 6 | 4 | 3 | 6 | 5 | 4 | 
10 | 6 | 6 | 6 | 6 | 5 | 3 | 3 | 6 | 5 | 6 | 4 | 3 | 5 | 4 | 5 | 
11 | 6 | 4 | 5 | 6 | 3 | 6 | 1 | 1 | 6 | 6 | 4 | 4 | 5 | 6 | 3 | 
12 | 4 | 5 | 3 | 3 | 6 | 1 | 1 | 1 | 1 | 3 | 5 | 3 | 3 | 3 | 3 | 
13 | 5 | 6 | 3 | 4 | 5 | 4 | 1 | 1 | 6 | 5 | 6 | 5 | 6 | 3 | 6 | 
14 | 4 | 3 | 5 | 5 | 5 | 5 | 1 | 1 | 6 | 4 | 3 | 6 | 5 | 4 | 6 | 

A*
Distancia Euclidiana
Estados gerados: 20
Estados visitados: 10
Custo do caminho: 15

   | 0 | 1 | 2 | 3 | 4 | 5 | 6 | 7 | 8 | 9 |10 |11 |12 |13 |14 |
0  | 4 | 6 | 3 | 5 | 5 | 5 | 6 | 3 | 5 | 4 | 4 | 3 | 3 | 5 | 6 | 
1  | 4 | 5 | 3 | 6 | 3 | 4 | 6 | 3 | 6 | 4 | 3 | 6 | 5 | 4 | 6 | 
2  | 3 | 5 | 4 | 5 | 3 | 3 | 6 | 5 | 3 | 5 | 3 | 6 | 6 | 3 | 5 | 
3  | 3 | 3 | 4 | 4 | 6 | 3 | 5 | 3 | 3 | 6 | 6 | 4 | 6 | 3 | 3 | 
4  | 5 | 6 | 6 | 6 | 5 | 6 | 4 | 3 | 4 | 5 | 5 | 5 | 6 | 5 | 3 | 
5  | 5 | 6 | 5 | 3 | 5 | 4 | 5 | 5 | 6 | 3 | 5 | 3 | 3 | 4 | 6 | 
6  | 6 | 6 | 3 | 6 | 4 | 6 | 6 | 3 | 6 | 3 | 6 | 5 | 3 | 4 | 3 | 
7  | 3 | 3 | 6 | 4 | 6 | 6 | 6 | 3 | 5 | 6 | 5 | 5 | 5 | 3 | 6 | 
8  | 3 | 5 | 3 | 3 | 6 | 4 | 4 | 4 | 5 | 3 | 3 | 5 | 6 | 6 | 5 | 
9  | 3 | 5 | 4 | 6 | 4 | 4 | 6 | 6 | 4 | 6 | 4 | 3 | 6 | 5 | 4 | 
10 | 6 | 6 | 6 | 6 | 5 | 3 | 3 | 6 | 5 | 6 | 4 | 3 | 5 | 4 | 5 | 
11 | 6 | 4 | 5 | 6 | 3 | 6 | 1 | 1 | 6 | 6 | 4 | 4 | 5 | 6 | 3 | 
12 | 4 | 5 | 3 | 3 | 6 | 1 | 1 | 1 | 1 | 3 | 5 | 3 | 3 | 3 | 3 | 
13 | 5 | 6 | 3 | 4 | 5 | 4 | 1 | 1 | 6 | 5 | 6 | 5 | 6 | 3 | 6 | 
14 | 4 | 3 | 5 | 5 | 5 | 5 | 1 | 1 | 6 | 4 | 3 | 6 | 5 | 4 | 6 | 

A*
Distancia Euclidiana
Estados gerados: 20
Estados visitados: 10
Custo do caminho: 15

   | 0 | 1 | 2 | 3 | 4 | 5 | 6 | 7 | 8 | 9 |10 |11 |12 |13 |14 |
0  | 5 | 5 | 4 | 5 | 6 | 5 | 5 | 4 | 6 | 5 | 4 | 3 | 5 | 4 | 5 | 
1  | 5 | 6 | 4 | 4 | 6 | 6 | 5 | 5 | 3 | 3 | 3 | 6 | 5 | 5 | 5 | 
2  | 4 | 4 | 5 | 3 | 3 | 4 | 5 | 5 | 6 | 4 | 3 | 5 | 3 | 3 | 4 | 
3  | 4 | 4 | 3 | 4 | 3 | 6 | 5 | 4 | 5 | 5 | 4 | 5 | 6 | 4 | 6 | 
4  | 6 | 6 | 5 | 3 | 3 | 3 | 5 | 3 | 5 | 3 | 5 | 6 | 4 | 5 | 4 | 
5  | 5 | 6 | 4 | 4 | 3 | 3 | 6 | 3 | 3 | 3 | 6 | 4 | 6 | 3 | 4 | 
6  | 6 | 6 | 5 | 5 | 3 | 4 | 3 | 3 | 6 | 6 | 3 | 3 | 5 | 6 | 3 | 
7  | 5 | 4 | 5 | 3 | 5 | 6 | 3 | 5 | 4 | 6 | 6 | 5 | 6 | 3 | 4 | 
8  | 3 | 3 | 4 | 5 | 5 | 6 | 3 | 5 | 3 | 3 | 4 | 3 | 4 | 4 | 3 | 
9  | 6 | 4 | 6 | 5 | 6 | 5 | 6 | 3 | 3 | 4 | 3 | 4 | 3 | 6 | 4 | 
10 | 4 | 4 | 5 | 5 | 5 | 4 | 4 | 5 | 4 | 5 | 6 | 5 | 6 | 4 | 6 | 
11 | 4 | 3 | 4 | 3 | 6 | 3 | 3 | 3 | 3 | 4 | 6 | 4 | 6 | 6 | 5 | 
12 | 4 | 5 | 6 | 3 | 6 | 3 | 5 | 5 | 6 | 6 | 4 | 6 | 5 | 3 | 6 | 
13 | 5 | 4 | 6 | 3 | 4 | 6 | 6 | 6 | 5 | 6 | 5 | 4 | 4 | 4 | 3 | 
14 | 4 | 6 | 4 | 4 | 4 | 4 | 4 | 5 | 6 | 5 | 3 | 6 | 5 | 6 | 3 | 

start: (5, 5)   finish: (7, 7)

   | 0 | 1 | 2 | 3 | 4 | 5 | 6 | 7 | 8 | 9 |10 |11 |12 |13 |14 |
0  | 5 | 5 | 4 | 5 | 6 | 5 | 5 | 4 | 6 | 5 | 4 | 3 | 5 | 4 | 5 | 
1  | 5 | 6 | 4 | 4 | 6 | 6 | 5 | 5 | 3 | 3 | 3 | 6 | 5 | 5 | 5 | 
2  | 4 | 4 | 5 | 3 | 3 | 4 | 5 | 5 | 6 | 4 | 3 | 5 | 3 | 3 | 4 | 
3  | 4 | 4 | 3 | 4 | 3 | 6 | 5 | 4 | 5 | 5 | 4 | 5 | 6 | 4 | 6 | 
4  | 6 | 6 | 5 | 3 | 3 | 3 | 5 | 3 | 5 | 3 | 5 | 6 | 4 | 5 | 4 | 
5  | 5 | 6 | 4 | 4 | 3 | 1 | 1 | 3 | 3 | 3 | 6 | 4 | 6 | 3 | 4 | 
6  | 6 | 6 | 5 | 5 | 3 | 4 | 1 | 1 | 6 | 6 | 3 | 3 | 5 | 6 | 3 | 
7  | 5 | 4 | 5 | 3 | 5 | 6 | 3 | 1 | 4 | 6 | 6 | 5 | 6 | 3 | 4 | 
8  | 3 | 3 | 4 | 5 | 5 | 6 | 3 | 5 | 3 | 3 | 4 | 3 | 4 | 4 | 3 | 
9  | 6 | 4 | 6 | 5 | 6 | 5 | 6 | 3 | 3 | 4 | 3 | 4 | 3 | 6 | 4 | 
10 | 4 | 4 | 5 | 5 | 5 | 4 | 4 | 5 | 4 | 5 | 6 | 5 | 6 | 4 | 6 | 
11 | 4 | 3 | 4 | 3 | 6 | 3 | 3 | 3 | 3 | 4 | 6 | 4 | 6 | 6 | 5 | 
12 | 4 | 5 | 6 | 3 | 6 | 3 | 5 | 5 | 6 | 6 | 4 | 6 | 5 | 3 | 6 | 
13 | 5 | 4 | 6 | 3 | 4 | 6 | 6 | 6 | 5 | 6 | 5 | 4 | 4 | 4 | 3 | 
14 | 4 | 6 | 4 | 4 | 4 | 4 | 4 | 5 | 6 | 5 | 3 | 6 | 5 | 6 | 3 | 

Busca Gulosa
Distancia Euclidiana
Estados gerados: 14
Estados visitados: 5
Custo do caminho: 20

   | 0 | 1 | 2 | 3 | 4 | 5 | 6 | 7 | 8 | 9 |10 |11 |12 |13 |14 |
0  | 5 | 5 | 4 | 5 | 6 | 5 | 5 | 4 | 6 | 5 | 4 | 3 | 5 | 4 | 5 | 
1  | 5 | 6 | 4 | 4 | 6 | 6 | 5 | 5 | 3 | 3 | 3 | 6 | 5 | 5 | 5 | 
2  | 4 | 4 | 5 | 3 | 3 | 4 | 5 | 5 | 6 | 4 | 3 | 5 | 3 | 3 | 4 | 
3  | 4 | 4 | 3 | 4 | 3 | 6 | 5 | 4 | 5 | 5 | 4 | 5 | 6 | 4 | 6 | 
4  | 6 | 6 | 5 | 3 | 3 | 3 | 5 | 3 | 5 | 3 | 5 | 6 | 4 | 5 | 4 | 
5  | 5 | 6 | 4 | 4 | 3 | 1 | 1 | 1 | 3 | 3 | 6 | 4 | 6 | 3 | 4 | 
6  | 6 | 6 | 5 | 5 | 3 | 4 | 3 | 1 | 6 | 6 | 3 | 3 | 5 | 6 | 3 | 
7  | 5 | 4 | 5 | 3 | 5 | 6 | 3 | 1 | 4 | 6 | 6 | 5 | 6 | 3 | 4 | 
8  | 3 | 3 | 4 | 5 | 5 | 6 | 3 | 5 | 3 | 3 | 4 | 3 | 4 | 4 | 3 | 
9  | 6 | 4 | 6 | 5 | 6 | 5 | 6 | 3 | 3 | 4 | 3 | 4 | 3 | 6 | 4 | 
10 | 4 | 4 | 5 | 5 | 5 | 4 | 4 | 5 | 4 | 5 | 6 | 5 | 6 | 4 | 6 | 
11 | 4 | 3 | 4 | 3 | 6 | 3 | 3 | 3 | 3 | 4 | 6 | 4 | 6 | 6 | 5 | 
12 | 4 | 5 | 6 | 3 | 6 | 3 | 5 | 5 | 6 | 6 | 4 | 6 | 5 | 3 | 6 | 
13 | 5 | 4 | 6 | 3 | 4 | 6 | 6 | 6 | 5 | 6 | 5 | 4 | 4 | 4 | 3 | 
14 | 4 | 6 | 4 | 4 | 4 | 4 | 4 | 5 | 6 | 5 | 3 | 6 | 5 | 6 | 3 | 

Busca Gulosa
Distancia Euclidiana
Estados gerados: 14
Estados visitados: 5
Custo do caminho: 20

   | 0 | 1 | 2 | 3 | 4 | 5 | 6 | 7 | 8 | 9 |10 |11 |12 |13 |14 |
0  | 5 | 5 | 4 | 5 | 6 | 5 | 5 | 4 | 6 | 5 | 4 | 3 | 5 | 4 | 5 | 
1  | 5 | 6 | 4 | 4 | 6 | 6 | 5 | 5 | 3 | 3 | 3 | 6 | 5 | 5 | 5 | 
2  | 4 | 4 | 5 | 3 | 3 | 4 | 5 | 5 | 6 | 4 | 3 | 5 | 3 | 3 | 4 | 
3  | 4 | 4 | 3 | 4 | 1 | 1 | 5 | 4 | 5 | 5 | 4 | 5 | 6 | 4 | 6 | 
4  | 6 | 6 | 5 | 1 | 1 | 1 | 1 | 1 | 5 | 3 | 5 | 6 | 4 | 5 | 4 | 
5  | 5 | 6 | 4 | 1 | 1 | 1 | 1 | 1 | 1 | 3 | 6 | 4 | 6 | 3 | 4 | 
6  | 6 | 6 | 5 | 5 | 1 | 1 | 1 | 1 | 6 | 6 | 3 | 3 | 5 | 6 | 3 | 
7  | 5 | 4 | 5 | 3 | 1 | 1 | 1 | 1 | 4 | 6 | 6 | 5 | 6 | 3 | 4 | 
8  | 3 | 3 | 4 | 5 | 5 | 6 | 1 | 5 | 3 | 3 | 4 | 3 | 4 | 4 | 3 | 
9  | 6 | 4 | 6 | 5 | 6 | 5 | 6 | 3 | 3 | 4 | 3 | 4 | 3 | 6 | 4 | 
10 | 4 | 4 | 5 | 5 | 5 | 4 | 4 | 5 | 4 | 5 | 6 | 5 | 6 | 4 | 6 | 
11 | 4 | 3 | 4 | 3 | 6 | 3 | 3 | 3 | 3 | 4 | 6 | 4 | 6 | 6 | 5 | 
12 | 4 | 5 | 6 | 3 | 6 | 3 | 5 | 5 | 6 | 6 | 4 | 6 | 5 | 3 | 6 | 
13 | 5 | 4 | 6 | 3 | 4 | 6 | 6 | 6 | 5 | 6 | 5 | 4 | 4 | 4 | 3 | 
14 | 4 | 6 | 4 | 4 | 4 | 4 | 4 | 5 | 6 | 5 | 3 | 6 | 5 | 6 | 3 | 

A*
Distancia Euclidiana
Estados gerados: 40
Estados visitados: 22
Custo do caminho: 18

   | 0 | 1 | 2 | 3 | 4 | 5 | 6 | 7 | 8 | 9 |10 |11 |12 |13 |14 |
0  | 5 | 5 | 4 | 5 | 6 | 5 | 5 | 4 | 6 | 5 | 4 | 3 | 5 | 4 | 5 | 
1  | 5 | 6 | 4 | 4 | 6 | 6 | 5 | 5 | 3 | 3 | 3 | 6 | 5 | 5 | 5 | 
2  | 4 | 4 | 5 | 3 | 3 | 4 | 5 | 5 | 6 | 4 | 3 | 5 | 3 | 3 | 4 | 
3  | 4 | 4 | 3 | 4 | 3 | 1 | 5 | 4 | 5 | 5 | 4 | 5 | 6 | 4 | 6 | 
4  | 6 | 6 | 5 | 3 | 1 | 1 | 1 | 1 | 5 | 3 | 5 | 6 | 4 | 5 | 4 | 
5  | 5 | 6 | 4 | 1 | 1 | 1 | 1 | 1 | 1 | 3 | 6 | 4 | 6 | 3 | 4 | 
6  | 6 | 6 | 5 | 5 | 1 | 1 | 1 | 1 | 6 | 6 | 3 | 3 | 5 | 6 | 3 | 
7  | 5 | 4 | 5 | 3 | 1 | 1 | 1 | 1 | 4 | 6 | 6 | 5 | 6 | 3 | 4 | 
8  | 3 | 3 | 4 | 5 | 5 | 6 | 3 | 5 | 3 | 3 | 4 | 3 | 4 | 4 | 3 | 
9  | 6 | 4 | 6 | 5 | 6 | 5 | 6 | 3 | 3 | 4 | 3 | 4 | 3 | 6 | 4 | 
10 | 4 | 4 | 5 | 5 | 5 | 4 | 4 | 5 | 4 | 5 | 6 | 5 | 6 | 4 | 6 | 
11 | 4 | 3 | 4 | 3 | 6 | 3 | 3 | 3 | 3 | 4 | 6 | 4 | 6 | 6 | 5 | 
12 | 4 | 5 | 6 | 3 | 6 | 3 | 5 | 5 | 6 | 6 | 4 | 6 | 5 | 3 | 6 | 
13 | 5 | 4 | 6 | 3 | 4 | 6 | 6 | 6 | 5 | 6 | 5 | 4 | 4 | 4 | 3 | 
14 | 4 | 6 | 4 | 4 | 4 | 4 | 4 | 5 | 6 | 5 | 3 | 6 | 5 | 6 | 3 | 

A*
Distancia Euclidiana
Estados gerados: 35
Estados visitados: 19
Custo do caminho: 18

   | 0 | 1 | 2 | 3 | 4 | 5 | 6 | 7 | 8 | 9 |10 |11 |12 |13 |14 |
0  | 4 | 6 | 5 | 3 | 3 | 4 | 4 | 4 | 6 | 5 | 5 | 5 | 6 | 6 | 4 | 
1  | 3 | 6 | 4 | 4 | 4 | 3 | 5 | 5 | 4 | 4 | 6 | 6 | 4 | 4 | 4 | 
2  | 3 | 6 | 5 | 3 | 6 | 4 | 4 | 5 | 4 | 3 | 6 | 3 | 4 | 5 | 3 | 
3  | 4 | 6 | 5 | 3 | 4 | 3 | 4 | 3 | 3 | 4 | 6 | 3 | 3 | 4 | 6 | 
4  | 3 | 6 | 5 | 3 | 6 | 4 | 5 | 5 | 5 | 4 | 4 | 4 | 3 | 5 | 5 | 
5  | 5 | 6 | 3 | 4 | 6 | 5 | 4 | 3 | 6 | 3 | 5 | 4 | 5 | 6 | 4 | 
6  | 6 | 6 | 3 | 4 | 3 | 3 | 4 | 5 | 5 | 5 | 5 | 5 | 5 | 4 | 6 | 
7  | 5 | 4 | 4 | 6 | 5 | 3 | 6 | 5 | 3 | 4 | 3 | 4 | 5 | 3 | 3 | 
8  | 6 | 3 | 4 | 5 | 5 | 6 | 5 | 4 | 3 | 3 | 3 | 5 | 3 | 5 | 6 | 
9  | 4 | 6 | 5 | 4 | 4 | 6 | 6 | 5 | 3 | 4 | 4 | 6 | 5 | 6 | 4 | 
10 | 3 | 5 | 4 | 5 | 6 | 6 | 6 | 6 | 5 | 6 | 5 | 3 | 6 | 4 | 3 | 
11 | 3 | 3 | 3 | 5 | 3 | 5 | 4 | 4 | 4 | 4 | 5 | 6 | 3 | 3 | 6 | 
12 | 6 | 5 | 4 | 3 | 5 | 4 | 5 | 3 | 3 | 3 | 5 | 4 | 6 | 6 | 5 | 
13 | 5 | 4 | 6 | 5 | 4 | 6 | 6 | 6 | 6 | 6 | 3 | 4 | 4 | 4 | 4 | 
14 | 6 | 4 | 3 | 3 | 6 | 3 | 3 | 6 | 5 | 3 | 4 | 4 | 3 | 6 | 3 | 

start: (13, 7)   finish: (13, 3)

   | 0 | 1 | 2 | 3 | 4 | 5 | 6 | 7 | 8 | 9 |10 |11 |12 |13 |14 |
0  | 4 | 6 | 5 | 3 | 3 | 4 | 4 | 4 | 6 | 5 | 5 | 5 | 6 | 6 | 4 | 
1  | 3 | 6 | 4 | 4 | 4 | 3 | 5 | 5 | 4 | 4 | 6 | 6 | 4 | 4 | 4 | 
2  | 3 | 6 | 5 | 3 | 6 | 4 | 4 | 5 | 4 | 3 | 6 | 3 | 4 | 5 | 3 | 
3  | 4 | 6 | 5 | 3 | 4 | 3 | 4 | 3 | 3 | 4 | 6 | 3 | 3 | 4 | 6 | 
4  | 3 | 6 | 5 | 3 | 6 | 4 | 5 | 5 | 5 | 4 | 4 | 4 | 3 | 5 | 5 | 
5  | 5 | 6 | 3 | 4 | 6 | 5 | 4 | 3 | 6 | 3 | 5 | 4 | 5 | 6 | 4 | 
6  | 6 | 6 | 3 | 4 | 3 | 3 | 4 | 5 | 5 | 5 | 5 | 5 | 5 | 4 | 6 | 
7  | 5 | 4 | 4 | 6 | 5 | 3 | 6 | 5 | 3 | 4 | 3 | 4 | 5 | 3 | 3 | 
8  | 6 | 3 | 4 | 5 | 5 | 6 | 5 | 4 | 3 | 3 | 3 | 5 | 3 | 5 | 6 | 
9  | 4 | 6 | 5 | 4 | 4 | 6 | 6 | 5 | 3 | 4 | 4 | 6 | 5 | 6 | 4 | 
10 | 3 | 5 | 4 | 5 | 6 | 6 | 6 | 6 | 5 | 6 | 5 | 3 | 6 | 4 | 3 | 
11 | 3 | 3 | 3 | 5 | 3 | 5 | 4 | 4 | 4 | 4 | 5 | 6 | 3 | 3 | 6 | 
12 | 6 | 5 | 4 | 3 | 5 | 4 | 5 | 3 | 3 | 3 | 5 | 4 | 6 | 6 | 5 | 
13 | 5 | 4 | 6 | 1 | 1 | 1 | 1 | 1 | 6 | 6 | 3 | 4 | 4 | 4 | 4 | 
14 | 6 | 4 | 3 | 3 | 6 | 3 | 3 | 6 | 5 | 3 | 4 | 4 | 3 | 6 | 3 | 

Busca Gulosa
Distancia Euclidiana
Estados gerados: 14
Estados visitados: 5
Custo do caminho: 27

   | 0 | 1 | 2 | 3 | 4 | 5 | 6 | 7 | 8 | 9 |10 |11 |12 |13 |14 |
0  | 4 | 6 | 5 | 3 | 3 | 4 | 4 | 4 | 6 | 5 | 5 | 5 | 6 | 6 | 4 | 
1  | 3 | 6 | 4 | 4 | 4 | 3 | 5 | 5 | 4 | 4 | 6 | 6 | 4 | 4 | 4 | 
2  | 3 | 6 | 5 | 3 | 6 | 4 | 4 | 5 | 4 | 3 | 6 | 3 | 4 | 5 | 3 | 
3  | 4 | 6 | 5 | 3 | 4 | 3 | 4 | 3 | 3 | 4 | 6 | 3 | 3 | 4 | 6 | 
4  | 3 | 6 | 5 | 3 | 6 | 4 | 5 | 5 | 5 | 4 | 4 | 4 | 3 | 5 | 5 | 
5  | 5 | 6 | 3 | 4 | 6 | 5 | 4 | 3 | 6 | 3 | 5 | 4 | 5 | 6 | 4 | 
6  | 6 | 6 | 3 | 4 | 3 | 3 | 4 | 5 | 5 | 5 | 5 | 5 | 5 | 4 | 6 | 
7  | 5 | 4 | 4 | 6 | 5 | 3 | 6 | 5 | 3 | 4 | 3 | 4 | 5 | 3 | 3 | 
8  | 6 | 3 | 4 | 5 | 5 | 6 | 5 | 4 | 3 | 3 | 3 | 5 | 3 | 5 | 6 | 
9  | 4 | 6 | 5 | 4 | 4 | 6 | 6 | 5 | 3 | 4 | 4 | 6 | 5 | 6 | 4 | 
10 | 3 | 5 | 4 | 5 | 6 | 6 | 6 | 6 | 5 | 6 | 5 | 3 | 6 | 4 | 3 | 
11 | 3 | 3 | 3 | 5 | 3 | 5 | 4 | 4 | 4 | 4 | 5 | 6 | 3 | 3 | 6 | 
12 | 6 | 5 | 4 | 3 | 5 | 4 | 5 | 3 | 3 | 3 | 5 | 4 | 6 | 6 | 5 | 
13 | 5 | 4 | 6 | 1 | 1 | 1 | 1 | 1 | 6 | 6 | 3 | 4 | 4 | 4 | 4 | 
14 | 6 | 4 | 3 | 3 | 6 | 3 | 3 | 6 | 5 | 3 | 4 | 4 | 3 | 6 | 3 | 

Busca Gulosa
Distancia Euclidiana
Estados gerados: 14
Estados visitados: 5
Custo do caminho: 27

   | 0 | 1 | 2 | 3 | 4 | 5 | 6 | 7 | 8 | 9 |10 |11 |12 |13 |14 |
0  | 4 | 6 | 5 | 3 | 3 | 4 | 4 | 4 | 6 | 5 | 5 | 5 | 6 | 6 | 4 | 
1  | 3 | 6 | 4 | 4 | 4 | 3 | 5 | 5 | 4 | 4 | 6 | 6 | 4 | 4 | 4 | 
2  | 3 | 6 | 5 | 3 | 6 | 4 | 4 | 5 | 4 | 3 | 6 | 3 | 4 | 5 | 3 | 
3  | 4 | 6 | 5 | 3 | 4 | 3 | 4 | 3 | 3 | 4 | 6 | 3 | 3 | 4 | 6 | 
4  | 3 | 6 | 5 | 3 | 6 | 4 | 5 | 5 | 5 | 4 | 4 | 4 | 3 | 5 | 5 | 
5  | 5 | 6 | 3 | 4 | 6 | 5 | 4 | 3 | 6 | 3 | 5 | 4 | 5 | 6 | 4 | 
6  | 6 | 6 | 3 | 4 | 3 | 3 | 4 | 5 | 5 | 5 | 5 | 5 | 5 | 4 | 6 | 
7  | 5 | 4 | 4 | 6 | 5 | 3 | 6 | 5 | 3 | 4 | 3 | 4 | 5 | 3 | 3 | 
8  | 6 | 3 | 4 | 5 | 5 | 6 | 5 | 4 | 3 | 3 | 3 | 5 | 3 | 5 | 6 | 
9  | 4 | 6 | 5 | 4 | 4 | 6 | 6 | 5 | 3 | 4 | 4 | 6 | 5 | 6 | 4 | 
10 | 3 | 5 | 4 | 5 | 6 | 6 | 6 | 1 | 1 | 6 | 5 | 3 | 6 | 4 | 3 | 
11 | 3 | 3 | 3 | 5 | 3 | 1 | 1 | 1 | 1 | 1 | 5 | 6 | 3 | 3 | 6 | 
12 | 6 | 5 | 4 | 1 | 1 | 1 | 1 | 1 | 1 | 1 | 5 | 4 | 6 | 6 | 5 | 
13 | 5 | 4 | 6 | 1 | 1 | 1 | 1 | 1 | 1 | 1 | 3 | 4 | 4 | 4 | 4 | 
14 | 6 | 4 | 3 | 3 | 1 | 1 | 1 | 1 | 1 | 1 | 4 | 4 | 3 | 6 | 3 | 

A*
Distancia Euclidiana
Estados gerados: 43
Estados visitados: 27
Custo do caminho: 27

   | 0 | 1 | 2 | 3 | 4 | 5 | 6 | 7 | 8 | 9 |10 |11 |12 |13 |14 |
0  | 4 | 6 | 5 | 3 | 3 | 4 | 4 | 4 | 6 | 5 | 5 | 5 | 6 | 6 | 4 | 
1  | 3 | 6 | 4 | 4 | 4 | 3 | 5 | 5 | 4 | 4 | 6 | 6 | 4 | 4 | 4 | 
2  | 3 | 6 | 5 | 3 | 6 | 4 | 4 | 5 | 4 | 3 | 6 | 3 | 4 | 5 | 3 | 
3  | 4 | 6 | 5 | 3 | 4 | 3 | 4 | 3 | 3 | 4 | 6 | 3 | 3 | 4 | 6 | 
4  | 3 | 6 | 5 | 3 | 6 | 4 | 5 | 5 | 5 | 4 | 4 | 4 | 3 | 5 | 5 | 
5  | 5 | 6 | 3 | 4 | 6 | 5 | 4 | 3 | 6 | 3 | 5 | 4 | 5 | 6 | 4 | 
6  | 6 | 6 | 3 | 4 | 3 | 3 | 4 | 5 | 5 | 5 | 5 | 5 | 5 | 4 | 6 | 
7  | 5 | 4 | 4 | 6 | 5 | 3 | 6 | 5 | 3 | 4 | 3 | 4 | 5 | 3 | 3 | 
8  | 6 | 3 | 4 | 5 | 5 | 6 | 5 | 4 | 3 | 3 | 3 | 5 | 3 | 5 | 6 | 
9  | 4 | 6 | 5 | 4 | 4 | 6 | 6 | 5 | 3 | 4 | 4 | 6 | 5 | 6 | 4 | 
10 | 3 | 5 | 4 | 5 | 6 | 6 | 6 | 1 | 5 | 6 | 5 | 3 | 6 | 4 | 3 | 
11 | 3 | 3 | 3 | 5 | 3 | 1 | 1 | 1 | 1 | 1 | 5 | 6 | 3 | 3 | 6 | 
12 | 6 | 5 | 4 | 1 | 1 | 1 | 1 | 1 | 1 | 1 | 5 | 4 | 6 | 6 | 5 | 
13 | 5 | 4 | 6 | 1 | 1 | 1 | 1 | 1 | 1 | 1 | 3 | 4 | 4 | 4 | 4 | 
14 | 6 | 4 | 3 | 3 | 1 | 1 | 1 | 1 | 1 | 3 | 4 | 4 | 3 | 6 | 3 | 

A*
Distancia Euclidiana
Estados gerados: 41
Estados visitados: 25
Custo do caminho: 27

   | 0 | 1 | 2 | 3 | 4 | 5 | 6 | 7 | 8 | 9 |10 |11 |12 |13 |14 |
0  | 3 | 5 | 6 | 6 | 5 | 3 | 3 | 5 | 4 | 6 | 3 | 3 | 6 | 6 | 6 | 
1  | 4 | 3 | 6 | 6 | 5 | 6 | 3 | 4 | 3 | 5 | 6 | 5 | 5 | 4 | 6 | 
2  | 5 | 3 | 3 | 6 | 3 | 3 | 3 | 6 | 4 | 6 | 6 | 4 | 3 | 5 | 3 | 
3  | 6 | 6 | 5 | 3 | 6 | 6 | 4 | 5 | 6 | 3 | 4 | 3 | 4 | 4 | 5 | 
4  | 5 | 4 | 6 | 4 | 3 | 3 | 6 | 5 | 4 | 5 | 6 | 6 | 3 | 3 | 6 | 
5  | 4 | 6 | 3 | 3 | 6 | 6 | 3 | 5 | 4 | 6 | 6 | 4 | 4 | 5 | 5 | 
6  | 5 | 3 | 4 | 3 | 3 | 3 | 5 | 4 | 4 | 5 | 4 | 3 | 6 | 3 | 6 | 
7  | 4 | 4 | 5 | 5 | 4 | 3 | 5 | 3 | 5 | 5 | 5 | 3 | 6 | 4 | 3 | 
8  | 6 | 6 | 3 | 5 | 4 | 5 | 4 | 4 | 3 | 6 | 6 | 6 | 5 | 4 | 3 | 
9  | 6 | 6 | 4 | 3 | 6 | 6 | 5 | 4 | 5 | 6 | 5 | 3 | 5 | 4 | 3 | 
10 | 5 | 5 | 6 | 3 | 4 | 3 | 4 | 4 | 6 | 3 | 5 | 6 | 5 | 6 | 6 | 
11 | 4 | 5 | 5 | 6 | 5 | 5 | 5 | 3 | 3 | 3 | 3 | 5 | 5 | 6 | 6 | 
12 | 3 | 3 | 6 | 4 | 5 | 4 | 3 | 4 | 5 | 6 | 5 | 5 | 6 | 6 | 4 | 
13 | 5 | 5 | 5 | 4 | 5 | 4 | 3 | 6 | 3 | 6 | 4 | 6 | 3 | 3 | 5 | 
14 | 5 | 6 | 6 | 3 | 3 | 3 | 3 | 4 | 5 | 3 | 4 | 4 | 4 | 5 | 3 | 

start: (2, 0)   finish: (6, 3)

   | 0 | 1 | 2 | 3 | 4 | 5 | 6 | 7 | 8 | 9 |10 |11 |12 |13 |14 |
0  | 3 | 5 | 6 | 6 | 5 | 3 | 3 | 5 | 4 | 6 | 3 | 3 | 6 | 6 | 6 | 
1  | 4 | 3 | 6 | 6 | 5 | 6 | 3 | 4 | 3 | 5 | 6 | 5 | 5 | 4 | 6 | 
2  | 1 | 3 | 3 | 6 | 3 | 3 | 3 | 6 | 4 | 6 | 6 | 4 | 3 | 5 | 3 | 
3  | 1 | 1 | 5 | 3 | 6 | 6 | 4 | 5 | 6 | 3 | 4 | 3 | 4 | 4 | 5 | 
4  | 5 | 1 | 1 | 4 | 3 | 3 | 6 | 5 | 4 | 5 | 6 | 6 | 3 | 3 | 6 | 
5  | 4 | 6 | 1 | 1 | 6 | 6 | 3 | 5 | 4 | 6 | 6 | 4 | 4 | 5 | 5 | 
6  | 5 | 3 | 4 | 1 | 3 | 3 | 5 | 4 | 4 | 5 | 4 | 3 | 6 | 3 | 6 | 
7  | 4 | 4 | 5 | 5 | 4 | 3 | 5 | 3 | 5 | 5 | 5 | 3 | 6 | 4 | 3 | 
8  | 6 | 6 | 3 | 5 | 4 | 5 | 4 | 4 | 3 | 6 | 6 | 6 | 5 | 4 | 3 | 
9  | 6 | 6 | 4 | 3 | 6 | 6 | 5 | 4 | 5 | 6 | 5 | 3 | 5 | 4 | 3 | 
10 | 5 | 5 | 6 | 3 | 4 | 3 | 4 | 4 | 6 | 3 | 5 | 6 | 5 | 6 | 6 | 
11 | 4 | 5 | 5 | 6 | 5 | 5 | 5 | 3 | 3 | 3 | 3 | 5 | 5 | 6 | 6 | 
12 | 3 | 3 | 6 | 4 | 5 | 4 | 3 | 4 | 5 | 6 | 5 | 5 | 6 | 6 | 4 | 
13 | 5 | 5 | 5 | 4 | 5 | 4 | 3 | 6 | 3 | 6 | 4 | 6 | 3 | 3 | 5 | 
14 | 5 | 6 | 6 | 3 | 3 | 3 | 3 | 4 | 5 | 3 | 4 | 4 | 4 | 5 | 3 | 

Busca Gulosa
Distancia Euclidiana
Estados gerados: 21
Estados visitados: 8
Custo do caminho: 36

   | 0 | 1 | 2 | 3 | 4 | 5 | 6 | 7 | 8 | 9 |10 |11 |12 |13 |14 |
0  | 3 | 5 | 6 | 6 | 5 | 3 | 3 | 5 | 4 | 6 | 3 | 3 | 6 | 6 | 6 | 
1  | 4 | 3 | 6 | 6 | 5 | 6 | 3 | 4 | 3 | 5 | 6 | 5 | 5 | 4 | 6 | 
2  | 1 | 1 | 1 | 1 | 3 | 3 | 3 | 6 | 4 | 6 | 6 | 4 | 3 | 5 | 3 | 
3  | 6 | 6 | 5 | 1 | 6 | 6 | 4 | 5 | 6 | 3 | 4 | 3 | 4 | 4 | 5 | 
4  | 5 | 4 | 6 | 1 | 3 | 3 | 6 | 5 | 4 | 5 | 6 | 6 | 3 | 3 | 6 | 
5  | 4 | 6 | 3 | 1 | 6 | 6 | 3 | 5 | 4 | 6 | 6 | 4 | 4 | 5 | 5 | 
6  | 5 | 3 | 4 | 1 | 3 | 3 | 5 | 4 | 4 | 5 | 4 | 3 | 6 | 3 | 6 | 
7  | 4 | 4 | 5 | 5 | 4 | 3 | 5 | 3 | 5 | 5 | 5 | 3 | 6 | 4 | 3 | 
8  | 6 | 6 | 3 | 5 | 4 | 5 | 4 | 4 | 3 | 6 | 6 | 6 | 5 | 4 | 3 | 
9  | 6 | 6 | 4 | 3 | 6 | 6 | 5 | 4 | 5 | 6 | 5 | 3 | 5 | 4 | 3 | 
10 | 5 | 5 | 6 | 3 | 4 | 3 | 4 | 4 | 6 | 3 | 5 | 6 | 5 | 6 | 6 | 
11 | 4 | 5 | 5 | 6 | 5 | 5 | 5 | 3 | 3 | 3 | 3 | 5 | 5 | 6 | 6 | 
12 | 3 | 3 | 6 | 4 | 5 | 4 | 3 | 4 | 5 | 6 | 5 | 5 | 6 | 6 | 4 | 
13 | 5 | 5 | 5 | 4 | 5 | 4 | 3 | 6 | 3 | 6 | 4 | 6 | 3 | 3 | 5 | 
14 | 5 | 6 | 6 | 3 | 3 | 3 | 3 | 4 | 5 | 3 | 4 | 4 | 4 | 5 | 3 | 

Busca Gulosa
Distancia Euclidiana
Estados gerados: 22
Estados visitados: 8
Custo do caminho: 30

   | 0 | 1 | 2 | 3 | 4 | 5 | 6 | 7 | 8 | 9 |10 |11 |12 |13 |14 |
0  | 1 | 1 | 1 | 6 | 5 | 3 | 3 | 5 | 4 | 6 | 3 | 3 | 6 | 6 | 6 | 
1  | 1 | 1 | 1 | 1 | 5 | 6 | 3 | 4 | 3 | 5 | 6 | 5 | 5 | 4 | 6 | 
2  | 1 | 1 | 1 | 1 | 1 | 1 | 3 | 6 | 4 | 6 | 6 | 4 | 3 | 5 | 3 | 
3  | 1 | 1 | 1 | 1 | 1 | 6 | 4 | 5 | 6 | 3 | 4 | 3 | 4 | 4 | 5 | 
4  | 1 | 1 | 1 | 1 | 1 | 3 | 6 | 5 | 4 | 5 | 6 | 6 | 3 | 3 | 6 | 
5  | 1 | 1 | 1 | 1 | 6 | 6 | 3 | 5 | 4 | 6 | 6 | 4 | 4 | 5 | 5 | 
6  | 1 | 1 | 4 | 1 | 3 | 3 | 5 | 4 | 4 | 5 | 4 | 3 | 6 | 3 | 6 | 
7  | 4 | 4 | 5 | 5 | 4 | 3 | 5 | 3 | 5 | 5 | 5 | 3 | 6 | 4 | 3 | 
8  | 6 | 6 | 3 | 5 | 4 | 5 | 4 | 4 | 3 | 6 | 6 | 6 | 5 | 4 | 3 | 
9  | 6 | 6 | 4 | 3 | 6 | 6 | 5 | 4 | 5 | 6 | 5 | 3 | 5 | 4 | 3 | 
10 | 5 | 5 | 6 | 3 | 4 | 3 | 4 | 4 | 6 | 3 | 5 | 6 | 5 | 6 | 6 | 
11 | 4 | 5 | 5 | 6 | 5 | 5 | 5 | 3 | 3 | 3 | 3 | 5 | 5 | 6 | 6 | 
12 | 3 | 3 | 6 | 4 | 5 | 4 | 3 | 4 | 5 | 6 | 5 | 5 | 6 | 6 | 4 | 
13 | 5 | 5 | 5 | 4 | 5 | 4 | 3 | 6 | 3 | 6 | 4 | 6 | 3 | 3 | 5 | 
14 | 5 | 6 | 6 | 3 | 3 | 3 | 3 | 4 | 5 | 3 | 4 | 4 | 4 | 5 | 3 | 

A*
Distancia Euclidiana
Estados gerados: 42
Estados visitados: 30
Custo do caminho: 29

   | 0 | 1 | 2 | 3 | 4 | 5 | 6 | 7 | 8 | 9 |10 |11 |12 |13 |14 |
0  | 1 | 1 | 1 | 6 | 5 | 3 | 3 | 5 | 4 | 6 | 3 | 3 | 6 | 6 | 6 | 
1  | 1 | 1 | 1 | 1 | 5 | 6 | 3 | 4 | 3 | 5 | 6 | 5 | 5 | 4 | 6 | 
2  | 1 | 1 | 1 | 1 | 1 | 1 | 3 | 6 | 4 | 6 | 6 | 4 | 3 | 5 | 3 | 
3  | 1 | 1 | 1 | 1 | 1 | 6 | 4 | 5 | 6 | 3 | 4 | 3 | 4 | 4 | 5 | 
4  | 1 | 1 | 1 | 1 | 1 | 3 | 6 | 5 | 4 | 5 | 6 | 6 | 3 | 3 | 6 | 
5  | 1 | 1 | 1 | 1 | 6 | 6 | 3 | 5 | 4 | 6 | 6 | 4 | 4 | 5 | 5 | 
6  | 1 | 1 | 4 | 1 | 3 | 3 | 5 | 4 | 4 | 5 | 4 | 3 | 6 | 3 | 6 | 
7  | 4 | 4 | 5 | 5 | 4 | 3 | 5 | 3 | 5 | 5 | 5 | 3 | 6 | 4 | 3 | 
8  | 6 | 6 | 3 | 5 | 4 | 5 | 4 | 4 | 3 | 6 | 6 | 6 | 5 | 4 | 3 | 
9  | 6 | 6 | 4 | 3 | 6 | 6 | 5 | 4 | 5 | 6 | 5 | 3 | 5 | 4 | 3 | 
10 | 5 | 5 | 6 | 3 | 4 | 3 | 4 | 4 | 6 | 3 | 5 | 6 | 5 | 6 | 6 | 
11 | 4 | 5 | 5 | 6 | 5 | 5 | 5 | 3 | 3 | 3 | 3 | 5 | 5 | 6 | 6 | 
12 | 3 | 3 | 6 | 4 | 5 | 4 | 3 | 4 | 5 | 6 | 5 | 5 | 6 | 6 | 4 | 
13 | 5 | 5 | 5 | 4 | 5 | 4 | 3 | 6 | 3 | 6 | 4 | 6 | 3 | 3 | 5 | 
14 | 5 | 6 | 6 | 3 | 3 | 3 | 3 | 4 | 5 | 3 | 4 | 4 | 4 | 5 | 3 | 

A*
Distancia Euclidiana
Estados gerados: 42
Estados visitados: 30
Custo do caminho: 29

   | 0 | 1 | 2 | 3 | 4 | 5 | 6 | 7 | 8 | 9 |10 |11 |12 |13 |14 |
0  | 5 | 5 | 5 | 3 | 4 | 6 | 5 | 6 | 4 | 6 | 5 | 4 | 5 | 6 | 5 | 
1  | 5 | 5 | 3 | 3 | 4 | 3 | 3 | 4 | 6 | 4 | 6 | 4 | 3 | 5 | 4 | 
2  | 5 | 5 | 4 | 5 | 3 | 4 | 4 | 6 | 4 | 5 | 6 | 5 | 4 | 3 | 6 | 
3  | 3 | 6 | 5 | 6 | 3 | 4 | 6 | 5 | 3 | 3 | 4 | 4 | 6 | 4 | 3 | 
4  | 3 | 3 | 5 | 3 | 6 | 3 | 6 | 6 | 6 | 4 | 5 | 6 | 3 | 6 | 3 | 
5  | 5 | 4 | 4 | 5 | 3 | 4 | 5 | 4 | 4 | 5 | 4 | 6 | 6 | 4 | 3 | 
6  | 5 | 4 | 3 | 5 | 3 | 5 | 4 | 6 | 3 | 3 | 3 | 4 | 4 | 5 | 4 | 
7  | 3 | 6 | 3 | 3 | 3 | 5 | 5 | 3 | 4 | 5 | 4 | 4 | 6 | 3 | 3 | 
8  | 5 | 6 | 3 | 5 | 6 | 6 | 3 | 3 | 6 | 5 | 3 | 3 | 4 | 3 | 4 | 
9  | 3 | 5 | 3 | 3 | 5 | 5 | 4 | 3 | 4 | 5 | 6 | 5 | 4 | 4 | 3 | 
10 | 6 | 5 | 5 | 3 | 4 | 3 | 3 | 6 | 4 | 6 | 4 | 5 | 5 | 5 | 3 | 
11 | 5 | 6 | 6 | 3 | 3 | 3 | 6 | 5 | 4 | 5 | 4 | 4 | 4 | 4 | 6 | 
12 | 6 | 4 | 6 | 4 | 4 | 4 | 3 | 4 | 6 | 4 | 5 | 3 | 5 | 4 | 4 | 
13 | 3 | 4 | 6 | 6 | 5 | 4 | 6 | 5 | 5 | 3 | 5 | 6 | 5 | 5 | 3 | 
14 | 6 | 5 | 3 | 5 | 6 | 6 | 3 | 4 | 6 | 4 | 4 | 3 | 4 | 3 | 3 | 

start: (8, 14)   finish: (2, 4)

   | 0 | 1 | 2 | 3 | 4 | 5 | 6 | 7 | 8 | 9 |10 |11 |12 |13 |14 |
0  | 5 | 5 | 5 | 3 | 4 | 6 | 5 | 6 | 4 | 6 | 5 | 4 | 5 | 6 | 5 | 
1  | 5 | 5 | 3 | 3 | 4 | 3 | 3 | 4 | 6 | 4 | 6 | 4 | 3 | 5 | 4 | 
2  | 5 | 5 | 4 | 5 | 1 | 1 | 4 | 6 | 4 | 5 | 6 | 5 | 4 | 3 | 6 | 
3  | 3 | 6 | 5 | 6 | 3 | 1 | 1 | 5 | 3 | 3 | 4 | 4 | 6 | 4 | 3 | 
4  | 3 | 3 | 5 | 3 | 6 | 3 | 1 | 1 | 6 | 4 | 5 | 6 | 3 | 6 | 3 | 
5  | 5 | 4 | 4 | 5 | 3 | 4 | 5 | 1 | 1 | 5 | 4 | 6 | 6 | 4 | 3 | 
6  | 5 | 4 | 3 | 5 | 3 | 5 | 4 | 6 | 1 | 1 | 3 | 4 | 4 | 5 | 4 | 
7  | 3 | 6 | 3 | 3 | 3 | 5 | 5 | 3 | 4 | 1 | 1 | 4 | 6 | 3 | 3 | 
8  | 5 | 6 | 3 | 5 | 6 | 6 | 3 | 3 | 6 | 5 | 1 | 1 | 1 | 1 | 1 | 
9  | 3 | 5 | 3 | 3 | 5 | 5 | 4 | 3 | 4 | 5 | 6 | 5 | 4 | 4 | 3 | 
10 | 6 | 5 | 5 | 3 | 4 | 3 | 3 | 6 | 4 | 6 | 4 | 5 | 5 | 5 | 3 | 
11 | 5 | 6 | 6 | 3 | 3 | 3 | 6 | 5 | 4 | 5 | 4 | 4 | 4 | 4 | 6 | 
12 | 6 | 4 | 6 | 4 | 4 | 4 | 3 | 4 | 6 | 4 | 5 | 3 | 5 | 4 | 4 | 
13 | 3 | 4 | 6 | 6 | 5 | 4 | 6 | 5 | 5 | 3 | 5 | 6 | 5 | 5 | 3 | 
14 | 6 | 5 | 3 | 5 | 6 | 6 | 3 | 4 | 6 | 4 | 4 | 3 | 4 | 3 | 3 | 

Busca Gulosa
Distancia Euclidiana
Estados gerados: 49
Estados visitados: 17
Custo do caminho: 69

   | 0 | 1 | 2 | 3 | 4 | 5 | 6 | 7 | 8 | 9 |10 |11 |12 |13 |14 |
0  | 5 | 5 | 5 | 3 | 4 | 6 | 5 | 6 | 4 | 6 | 5 | 4 | 5 | 6 | 5 | 
1  | 5 | 5 | 3 | 3 | 4 | 3 | 3 | 4 | 6 | 4 | 6 | 4 | 3 | 5 | 4 | 
2  | 5 | 5 | 4 | 5 | 1 | 1 | 1 | 1 | 1 | 1 | 1 | 1 | 1 | 1 | 1 | 
3  | 3 | 6 | 5 | 6 | 3 | 4 | 6 | 5 | 3 | 3 | 4 | 4 | 6 | 4 | 1 | 
4  | 3 | 3 | 5 | 3 | 6 | 3 | 6 | 6 | 6 | 4 | 5 | 6 | 3 | 6 | 1 | 
5  | 5 | 4 | 4 | 5 | 3 | 4 | 5 | 4 | 4 | 5 | 4 | 6 | 6 | 4 | 1 | 
6  | 5 | 4 | 3 | 5 | 3 | 5 | 4 | 6 | 3 | 3 | 3 | 4 | 4 | 5 | 1 | 
7  | 3 | 6 | 3 | 3 | 3 | 5 | 5 | 3 | 4 | 5 | 4 | 4 | 6 | 3 | 1 | 
8  | 5 | 6 | 3 | 5 | 6 | 6 | 3 | 3 | 6 | 5 | 3 | 3 | 4 | 3 | 1 | 
9  | 3 | 5 | 3 | 3 | 5 | 5 | 4 | 3 | 4 | 5 | 6 | 5 | 4 | 4 | 3 | 
10 | 6 | 5 | 5 | 3 | 4 | 3 | 3 | 6 | 4 | 6 | 4 | 5 | 5 | 5 | 3 | 
11 | 5 | 6 | 6 | 3 | 3 | 3 | 6 | 5 | 4 | 5 | 4 | 4 | 4 | 4 | 6 | 
12 | 6 | 4 | 6 | 4 | 4 | 4 | 3 | 4 | 6 | 4 | 5 | 3 | 5 | 4 | 4 | 
13 | 3 | 4 | 6 | 6 | 5 | 4 | 6 | 5 | 5 | 3 | 5 | 6 | 5 | 5 | 3 | 
14 | 6 | 5 | 3 | 5 | 6 | 6 | 3 | 4 | 6 | 4 | 4 | 3 | 4 | 3 | 3 | 

Busca Gulosa
Distancia Euclidiana
Estados gerados: 43
Estados visitados: 17
Custo do caminho: 70

   | 0 | 1 | 2 | 3 | 4 | 5 | 6 | 7 | 8 | 9 |10 |11 |12 |13 |14 |
0  | 5 | 5 | 5 | 3 | 4 | 6 | 5 | 6 | 4 | 1 | 1 | 1 | 1 | 1 | 1 | 
1  | 5 | 5 | 3 | 3 | 4 | 3 | 3 | 1 | 1 | 1 | 1 | 1 | 1 | 1 | 1 | 
2  | 5 | 5 | 4 | 5 | 1 | 1 | 1 | 1 | 1 | 1 | 1 | 1 | 1 | 1 | 1 | 
3  | 3 | 6 | 5 | 6 | 1 | 1 | 1 | 1 | 1 | 1 | 1 | 1 | 1 | 1 | 1 | 
4  | 3 | 3 | 5 | 3 | 1 | 1 | 1 | 1 | 1 | 1 | 1 | 1 | 1 | 1 | 1 | 
5  | 5 | 4 | 4 | 1 | 1 | 1 | 1 | 1 | 1 | 1 | 1 | 1 | 1 | 1 | 1 | 
6  | 5 | 4 | 1 | 1 | 1 | 1 | 1 | 1 | 1 | 1 | 1 | 1 | 1 | 1 | 1 | 
7  | 3 | 6 | 1 | 1 | 1 | 1 | 1 | 1 | 1 | 1 | 1 | 1 | 1 | 1 | 1 | 
8  | 5 | 6 | 3 | 1 | 1 | 1 | 1 | 1 | 1 | 1 | 1 | 1 | 1 | 1 | 1 | 
9  | 3 | 5 | 3 | 1 | 1 | 1 | 1 | 1 | 1 | 1 | 1 | 1 | 1 | 1 | 1 | 
10 | 6 | 5 | 5 | 1 | 1 | 1 | 1 | 1 | 1 | 1 | 1 | 1 | 1 | 1 | 1 | 
11 | 5 | 6 | 6 | 3 | 1 | 1 | 1 | 1 | 1 | 1 | 1 | 1 | 1 | 1 | 1 | 
12 | 6 | 4 | 6 | 4 | 4 | 4 | 3 | 1 | 1 | 1 | 1 | 1 | 1 | 1 | 1 | 
13 | 3 | 4 | 6 | 6 | 5 | 4 | 6 | 5 | 1 | 1 | 1 | 1 | 1 | 1 | 1 | 
14 | 6 | 5 | 3 | 5 | 6 | 6 | 3 | 4 | 6 | 1 | 1 | 1 | 1 | 1 | 1 | 

A*
Distancia Euclidiana
Estados gerados: 183
Estados visitados: 153
Custo do caminho: 60

   | 0 | 1 | 2 | 3 | 4 | 5 | 6 | 7 | 8 | 9 |10 |11 |12 |13 |14 |
0  | 5 | 5 | 5 | 3 | 4 | 6 | 5 | 6 | 4 | 1 | 1 | 1 | 1 | 1 | 1 | 
1  | 5 | 5 | 3 | 3 | 4 | 3 | 3 | 1 | 1 | 1 | 1 | 1 | 1 | 1 | 1 | 
2  | 5 | 5 | 4 | 5 | 1 | 1 | 1 | 1 | 1 | 1 | 1 | 1 | 1 | 1 | 1 | 
3  | 3 | 6 | 5 | 6 | 1 | 1 | 1 | 1 | 1 | 1 | 1 | 1 | 1 | 1 | 1 | 
4  | 3 | 3 | 5 | 3 | 1 | 1 | 1 | 1 | 1 | 1 | 1 | 1 | 1 | 1 | 1 | 
5  | 5 | 4 | 4 | 1 | 1 | 1 | 1 | 1 | 1 | 1 | 1 | 1 | 1 | 1 | 1 | 
6  | 5 | 4 | 3 | 1 | 1 | 1 | 1 | 1 | 1 | 1 | 1 | 1 | 1 | 1 | 1 | 
7  | 3 | 6 | 1 | 1 | 1 | 1 | 1 | 1 | 1 | 1 | 1 | 1 | 1 | 1 | 1 | 
8  | 5 | 6 | 3 | 1 | 1 | 1 | 1 | 1 | 1 | 1 | 1 | 1 | 1 | 1 | 1 | 
9  | 3 | 5 | 3 | 1 | 1 | 1 | 1 | 1 | 1 | 1 | 1 | 1 | 1 | 1 | 1 | 
10 | 6 | 5 | 5 | 3 | 1 | 1 | 1 | 1 | 1 | 1 | 1 | 1 | 1 | 1 | 1 | 
11 | 5 | 6 | 6 | 3 | 1 | 1 | 1 | 1 | 1 | 1 | 1 | 1 | 1 | 1 | 1 | 
12 | 6 | 4 | 6 | 4 | 4 | 4 | 3 | 4 | 1 | 1 | 1 | 1 | 1 | 1 | 1 | 
13 | 3 | 4 | 6 | 6 | 5 | 4 | 6 | 5 | 5 | 1 | 1 | 1 | 1 | 1 | 1 | 
14 | 6 | 5 | 3 | 5 | 6 | 6 | 3 | 4 | 6 | 4 | 1 | 1 | 1 | 1 | 1 | 

A*
Distancia Euclidiana
Estados gerados: 183
Estados visitados: 148
Custo do caminho: 60

   | 0 | 1 | 2 | 3 | 4 | 5 | 6 | 7 | 8 | 9 |10 |11 |12 |13 |14 |
0  | 5 | 6 | 3 | 6 | 3 | 3 | 5 | 5 | 5 | 4 | 6 | 3 | 6 | 6 | 5 | 
1  | 3 | 3 | 5 | 5 | 3 | 4 | 6 | 6 | 3 | 3 | 6 | 4 | 3 | 3 | 4 | 
2  | 4 | 6 | 4 | 6 | 4 | 3 | 5 | 5 | 3 | 4 | 6 | 5 | 6 | 3 | 3 | 
3  | 5 | 3 | 5 | 5 | 4 | 6 | 4 | 4 | 6 | 4 | 4 | 5 | 5 | 6 | 6 | 
4  | 4 | 4 | 4 | 3 | 5 | 3 | 5 | 4 | 3 | 6 | 4 | 3 | 4 | 3 | 5 | 
5  | 4 | 3 | 4 | 5 | 4 | 6 | 4 | 3 | 6 | 3 | 4 | 5 | 4 | 4 | 3 | 
6  | 4 | 6 | 3 | 5 | 4 | 4 | 5 | 3 | 6 | 6 | 3 | 5 | 5 | 6 | 6 | 
7  | 3 | 4 | 4 | 5 | 5 | 3 | 4 | 5 | 4 | 5 | 4 | 6 | 5 | 3 | 3 | 
8  | 3 | 3 | 4 | 4 | 5 | 4 | 3 | 6 | 3 | 6 | 4 | 6 | 6 | 6 | 3 | 
9  | 3 | 3 | 6 | 3 | 4 | 5 | 3 | 5 | 6 | 4 | 6 | 4 | 6 | 5 | 4 | 
10 | 5 | 3 | 4 | 6 | 5 | 6 | 3 | 3 | 5 | 6 | 3 | 5 | 4 | 5 | 3 | 
11 | 5 | 4 | 6 | 3 | 3 | 3 | 4 | 3 | 5 | 3 | 6 | 4 | 5 | 6 | 3 | 
12 | 6 | 5 | 5 | 4 | 6 | 4 | 6 | 5 | 3 | 5 | 6 | 4 | 6 | 3 | 4 | 
13 | 3 | 6 | 6 | 6 | 6 | 4 | 4 | 4 | 6 | 3 | 3 | 4 | 3 | 6 | 5 | 
14 | 4 | 6 | 4 | 3 | 5 | 3 | 4 | 5 | 4 | 5 | 3 | 3 | 4 | 4 | 3 | 

start: (9, 14)   finish: (2, 0)

   | 0 | 1 | 2 | 3 | 4 | 5 | 6 | 7 | 8 | 9 |10 |11 |12 |13 |14 |
0  | 5 | 6 | 3 | 6 | 3 | 3 | 5 | 5 | 5 | 4 | 6 | 3 | 6 | 6 | 5 | 
1  | 3 | 3 | 5 | 5 | 3 | 4 | 6 | 6 | 3 | 3 | 6 | 4 | 3 | 3 | 4 | 
2  | 1 | 1 | 4 | 6 | 4 | 3 | 5 | 5 | 3 | 4 | 6 | 5 | 6 | 3 | 3 | 
3  | 5 | 1 | 1 | 5 | 4 | 6 | 4 | 4 | 6 | 4 | 4 | 5 | 5 | 6 | 6 | 
4  | 4 | 4 | 1 | 1 | 5 | 3 | 5 | 4 | 3 | 6 | 4 | 3 | 4 | 3 | 5 | 
5  | 4 | 3 | 4 | 1 | 1 | 6 | 4 | 3 | 6 | 3 | 4 | 5 | 4 | 4 | 3 | 
6  | 4 | 6 | 3 | 5 | 1 | 1 | 5 | 3 | 6 | 6 | 3 | 5 | 5 | 6 | 6 | 
7  | 3 | 4 | 4 | 5 | 5 | 1 | 1 | 5 | 4 | 5 | 4 | 6 | 5 | 3 | 3 | 
8  | 3 | 3 | 4 | 4 | 5 | 4 | 1 | 1 | 3 | 6 | 4 | 6 | 6 | 6 | 3 | 
9  | 3 | 3 | 6 | 3 | 4 | 5 | 3 | 1 | 1 | 1 | 1 | 1 | 1 | 1 | 1 | 
10 | 5 | 3 | 4 | 6 | 5 | 6 | 3 | 3 | 5 | 6 | 3 | 5 | 4 | 5 | 3 | 
11 | 5 | 4 | 6 | 3 | 3 | 3 | 4 | 3 | 5 | 3 | 6 | 4 | 5 | 6 | 3 | 
12 | 6 | 5 | 5 | 4 | 6 | 4 | 6 | 5 | 3 | 5 | 6 | 4 | 6 | 3 | 4 | 
13 | 3 | 6 | 6 | 6 | 6 | 4 | 4 | 4 | 6 | 3 | 3 | 4 | 3 | 6 | 5 | 
14 | 4 | 6 | 4 | 3 | 5 | 3 | 4 | 5 | 4 | 5 | 3 | 3 | 4 | 4 | 3 | 

Busca Gulosa
Distancia Euclidiana
Estados gerados: 64
Estados visitados: 22
Custo do caminho: 98

   | 0 | 1 | 2 | 3 | 4 | 5 | 6 | 7 | 8 | 9 |10 |11 |12 |13 |14 |
0  | 5 | 6 | 3 | 6 | 3 | 3 | 5 | 5 | 5 | 4 | 6 | 3 | 6 | 6 | 5 | 
1  | 3 | 3 | 5 | 5 | 3 | 4 | 6 | 6 | 3 | 3 | 6 | 4 | 3 | 3 | 4 | 
2  | 1 | 1 | 1 | 1 | 1 | 1 | 1 | 1 | 1 | 1 | 1 | 1 | 1 | 1 | 1 | 
3  | 5 | 3 | 5 | 5 | 4 | 6 | 4 | 4 | 6 | 4 | 4 | 5 | 5 | 6 | 1 | 
4  | 4 | 4 | 4 | 3 | 5 | 3 | 5 | 4 | 3 | 6 | 4 | 3 | 4 | 3 | 1 | 
5  | 4 | 3 | 4 | 5 | 4 | 6 | 4 | 3 | 6 | 3 | 4 | 5 | 4 | 4 | 1 | 
6  | 4 | 6 | 3 | 5 | 4 | 4 | 5 | 3 | 6 | 6 | 3 | 5 | 5 | 6 | 1 | 
7  | 3 | 4 | 4 | 5 | 5 | 3 | 4 | 5 | 4 | 5 | 4 | 6 | 5 | 3 | 1 | 
8  | 3 | 3 | 4 | 4 | 5 | 4 | 3 | 6 | 3 | 6 | 4 | 6 | 6 | 6 | 1 | 
9  | 3 | 3 | 6 | 3 | 4 | 5 | 3 | 5 | 6 | 4 | 6 | 4 | 6 | 5 | 1 | 
10 | 5 | 3 | 4 | 6 | 5 | 6 | 3 | 3 | 5 | 6 | 3 | 5 | 4 | 5 | 3 | 
11 | 5 | 4 | 6 | 3 | 3 | 3 | 4 | 3 | 5 | 3 | 6 | 4 | 5 | 6 | 3 | 
12 | 6 | 5 | 5 | 4 | 6 | 4 | 6 | 5 | 3 | 5 | 6 | 4 | 6 | 3 | 4 | 
13 | 3 | 6 | 6 | 6 | 6 | 4 | 4 | 4 | 6 | 3 | 3 | 4 | 3 | 6 | 5 | 
14 | 4 | 6 | 4 | 3 | 5 | 3 | 4 | 5 | 4 | 5 | 3 | 3 | 4 | 4 | 3 | 

Busca Gulosa
Distancia Euclidiana
Estados gerados: 57
Estados visitados: 22
Custo do caminho: 97

   | 0 | 1 | 2 | 3 | 4 | 5 | 6 | 7 | 8 | 9 |10 |11 |12 |13 |14 |
0  | 5 | 6 | 3 | 1 | 1 | 1 | 1 | 1 | 1 | 1 | 1 | 1 | 1 | 1 | 1 | 
1  | 3 | 3 | 1 | 1 | 1 | 1 | 1 | 1 | 1 | 1 | 1 | 1 | 1 | 1 | 1 | 
2  | 1 | 1 | 1 | 1 | 1 | 1 | 1 | 1 | 1 | 1 | 1 | 1 | 1 | 1 | 1 | 
3  | 1 | 1 | 1 | 1 | 1 | 1 | 1 | 1 | 1 | 1 | 1 | 1 | 1 | 1 | 1 | 
4  | 1 | 1 | 1 | 1 | 1 | 1 | 1 | 1 | 1 | 1 | 1 | 1 | 1 | 1 | 1 | 
5  | 1 | 1 | 1 | 1 | 1 | 1 | 1 | 1 | 1 | 1 | 1 | 1 | 1 | 1 | 1 | 
6  | 1 | 1 | 1 | 1 | 1 | 1 | 1 | 1 | 1 | 1 | 1 | 1 | 1 | 1 | 1 | 
7  | 1 | 1 | 1 | 1 | 1 | 1 | 1 | 1 | 1 | 1 | 1 | 1 | 1 | 1 | 1 | 
8  | 1 | 1 | 1 | 1 | 1 | 1 | 1 | 1 | 1 | 1 | 1 | 1 | 1 | 1 | 1 | 
9  | 1 | 1 | 1 | 1 | 1 | 1 | 1 | 1 | 1 | 1 | 1 | 1 | 1 | 1 | 1 | 
10 | 1 | 1 | 1 | 1 | 1 | 1 | 1 | 1 | 1 | 1 | 1 | 1 | 1 | 1 | 1 | 
11 | 1 | 1 | 1 | 1 | 1 | 1 | 1 | 1 | 1 | 1 | 1 | 1 | 1 | 1 | 1 | 
12 | 1 | 1 | 1 | 1 | 1 | 1 | 1 | 1 | 1 | 1 | 1 | 1 | 1 | 1 | 1 | 
13 | 3 | 1 | 1 | 1 | 1 | 1 | 1 | 1 | 1 | 1 | 1 | 1 | 1 | 1 | 1 | 
14 | 4 | 6 | 1 | 1 | 1 | 1 | 1 | 1 | 1 | 1 | 1 | 1 | 1 | 1 | 1 | 

A*
Distancia Euclidiana
Estados gerados: 231
Estados visitados: 217
Custo do caminho: 86

   | 0 | 1 | 2 | 3 | 4 | 5 | 6 | 7 | 8 | 9 |10 |11 |12 |13 |14 |
0  | 5 | 6 | 3 | 1 | 1 | 1 | 1 | 1 | 1 | 1 | 1 | 1 | 1 | 1 | 1 | 
1  | 3 | 3 | 1 | 1 | 1 | 1 | 1 | 1 | 1 | 1 | 1 | 1 | 1 | 1 | 1 | 
2  | 1 | 1 | 1 | 1 | 1 | 1 | 1 | 1 | 1 | 1 | 1 | 1 | 1 | 1 | 1 | 
3  | 1 | 1 | 1 | 1 | 1 | 1 | 1 | 1 | 1 | 1 | 1 | 1 | 1 | 1 | 1 | 
4  | 1 | 1 | 1 | 1 | 1 | 1 | 1 | 1 | 1 | 1 | 1 | 1 | 1 | 1 | 1 | 
5  | 1 | 1 | 1 | 1 | 1 | 1 | 1 | 1 | 1 | 1 | 1 | 1 | 1 | 1 | 1 | 
6  | 1 | 1 | 1 | 1 | 1 | 1 | 1 | 1 | 1 | 1 | 1 | 1 | 1 | 1 | 1 | 
7  | 1 | 1 | 1 | 1 | 1 | 1 | 1 | 1 | 1 | 1 | 1 | 1 | 1 | 1 | 1 | 
8  | 1 | 1 | 1 | 1 | 1 | 1 | 1 | 1 | 1 | 1 | 1 | 1 | 1 | 1 | 1 | 
9  | 1 | 1 | 1 | 1 | 1 | 1 | 1 | 1 | 1 | 1 | 1 | 1 | 1 | 1 | 1 | 
10 | 1 | 1 | 1 | 1 | 1 | 1 | 1 | 1 | 1 | 1 | 1 | 1 | 1 | 1 | 1 | 
11 | 1 | 1 | 1 | 1 | 1 | 1 | 1 | 1 | 1 | 1 | 1 | 1 | 1 | 1 | 1 | 
12 | 1 | 1 | 1 | 1 | 1 | 1 | 1 | 1 | 1 | 1 | 1 | 1 | 1 | 1 | 1 | 
13 | 3 | 6 | 1 | 1 | 1 | 1 | 1 | 1 | 1 | 1 | 1 | 1 | 1 | 1 | 1 | 
14 | 4 | 6 | 1 | 1 | 1 | 1 | 1 | 1 | 1 | 1 | 1 | 1 | 1 | 1 | 1 | 

A*
Distancia Euclidiana
Estados gerados: 243
Estados visitados: 216
Custo do caminho: 86

   | 0 | 1 | 2 | 3 | 4 | 5 | 6 | 7 | 8 | 9 |10 |11 |12 |13 |14 |
0  | 4 | 6 | 6 | 5 | 4 | 5 | 4 | 4 | 3 | 5 | 3 | 6 | 3 | 3 | 5 | 
1  | 6 | 4 | 5 | 3 | 3 | 3 | 5 | 3 | 3 | 5 | 4 | 5 | 5 | 6 | 5 | 
2  | 3 | 5 | 4 | 4 | 3 | 4 | 6 | 4 | 4 | 3 | 6 | 4 | 6 | 6 | 3 | 
3  | 3 | 4 | 4 | 5 | 3 | 4 | 5 | 6 | 6 | 5 | 3 | 3 | 6 | 3 | 3 | 
4  | 4 | 5 | 4 | 4 | 4 | 3 | 5 | 6 | 4 | 3 | 6 | 4 | 6 | 3 | 3 | 
5  | 6 | 5 | 3 | 6 | 5 | 3 | 3 | 3 | 5 | 5 | 4 | 5 | 5 | 4 | 3 | 
6  | 3 | 5 | 5 | 5 | 5 | 4 | 4 | 3 | 4 | 3 | 4 | 6 | 4 | 6 | 5 | 
7  | 4 | 5 | 5 | 4 | 3 | 4 | 4 | 6 | 4 | 3 | 6 | 6 | 6 | 5 | 6 | 
8  | 6 | 3 | 4 | 4 | 5 | 4 | 5 | 5 | 6 | 6 | 4 | 5 | 4 | 4 | 5 | 
9  | 6 | 6 | 5 | 5 | 4 | 6 | 3 | 5 | 3 | 4 | 5 | 5 | 3 | 4 | 4 | 
10 | 5 | 5 | 6 | 3 | 5 | 5 | 4 | 5 | 4 | 5 | 6 | 5 | 6 | 5 | 4 | 
11 | 6 | 4 | 4 | 5 | 3 | 5 | 6 | 5 | 4 | 6 | 6 | 3 | 5 | 6 | 4 | 
12 | 6 | 6 | 3 | 6 | 5 | 5 | 3 | 6 | 4 | 3 | 3 | 3 | 6 | 4 | 6 | 
13 | 5 | 4 | 6 | 3 | 3 | 3 | 5 | 5 | 4 | 3 | 4 | 5 | 4 | 4 | 3 | 
14 | 4 | 3 | 6 | 3 | 4 | 6 | 6 | 3 | 3 | 5 | 3 | 4 | 3 | 6 | 5 | 

start: (0, 10)   finish: (7, 1)

   | 0 | 1 | 2 | 3 | 4 | 5 | 6 | 7 | 8 | 9 |10 |11 |12 |13 |14 |
0  | 4 | 6 | 6 | 5 | 4 | 5 | 4 | 1 | 1 | 1 | 1 | 6 | 3 | 3 | 5 | 
1  | 6 | 4 | 5 | 3 | 3 | 3 | 1 | 1 | 3 | 5 | 4 | 5 | 5 | 6 | 5 | 
2  | 3 | 5 | 4 | 4 | 3 | 1 | 1 | 4 | 4 | 3 | 6 | 4 | 6 | 6 | 3 | 
3  | 3 | 4 | 4 | 5 | 1 | 1 | 5 | 6 | 6 | 5 | 3 | 3 | 6 | 3 | 3 | 
4  | 4 | 5 | 4 | 1 | 1 | 3 | 5 | 6 | 4 | 3 | 6 | 4 | 6 | 3 | 3 | 
5  | 6 | 5 | 1 | 1 | 5 | 3 | 3 | 3 | 5 | 5 | 4 | 5 | 5 | 4 | 3 | 
6  | 3 | 1 | 1 | 5 | 5 | 4 | 4 | 3 | 4 | 3 | 4 | 6 | 4 | 6 | 5 | 
7  | 4 | 1 | 5 | 4 | 3 | 4 | 4 | 6 | 4 | 3 | 6 | 6 | 6 | 5 | 6 | 
8  | 6 | 3 | 4 | 4 | 5 | 4 | 5 | 5 | 6 | 6 | 4 | 5 | 4 | 4 | 5 | 
9  | 6 | 6 | 5 | 5 | 4 | 6 | 3 | 5 | 3 | 4 | 5 | 5 | 3 | 4 | 4 | 
10 | 5 | 5 | 6 | 3 | 5 | 5 | 4 | 5 | 4 | 5 | 6 | 5 | 6 | 5 | 4 | 
11 | 6 | 4 | 4 | 5 | 3 | 5 | 6 | 5 | 4 | 6 | 6 | 3 | 5 | 6 | 4 | 
12 | 6 | 6 | 3 | 6 | 5 | 5 | 3 | 6 | 4 | 3 | 3 | 3 | 6 | 4 | 6 | 
13 | 5 | 4 | 6 | 3 | 3 | 3 | 5 | 5 | 4 | 3 | 4 | 5 | 4 | 4 | 3 | 
14 | 4 | 3 | 6 | 3 | 4 | 6 | 6 | 3 | 3 | 5 | 3 | 4 | 3 | 6 | 5 | 

Busca Gulosa
Distancia Euclidiana
Estados gerados: 46
Estados visitados: 17
Custo do caminho: 72

   | 0 | 1 | 2 | 3 | 4 | 5 | 6 | 7 | 8 | 9 |10 |11 |12 |13 |14 |
0  | 4 | 1 | 1 | 1 | 1 | 1 | 1 | 1 | 1 | 1 | 1 | 6 | 3 | 3 | 5 | 
1  | 6 | 1 | 5 | 3 | 3 | 3 | 5 | 3 | 3 | 5 | 4 | 5 | 5 | 6 | 5 | 
2  | 3 | 1 | 4 | 4 | 3 | 4 | 6 | 4 | 4 | 3 | 6 | 4 | 6 | 6 | 3 | 
3  | 3 | 1 | 4 | 5 | 3 | 4 | 5 | 6 | 6 | 5 | 3 | 3 | 6 | 3 | 3 | 
4  | 4 | 1 | 4 | 4 | 4 | 3 | 5 | 6 | 4 | 3 | 6 | 4 | 6 | 3 | 3 | 
5  | 6 | 1 | 3 | 6 | 5 | 3 | 3 | 3 | 5 | 5 | 4 | 5 | 5 | 4 | 3 | 
6  | 3 | 1 | 5 | 5 | 5 | 4 | 4 | 3 | 4 | 3 | 4 | 6 | 4 | 6 | 5 | 
7  | 4 | 1 | 5 | 4 | 3 | 4 | 4 | 6 | 4 | 3 | 6 | 6 | 6 | 5 | 6 | 
8  | 6 | 3 | 4 | 4 | 5 | 4 | 5 | 5 | 6 | 6 | 4 | 5 | 4 | 4 | 5 | 
9  | 6 | 6 | 5 | 5 | 4 | 6 | 3 | 5 | 3 | 4 | 5 | 5 | 3 | 4 | 4 | 
10 | 5 | 5 | 6 | 3 | 5 | 5 | 4 | 5 | 4 | 5 | 6 | 5 | 6 | 5 | 4 | 
11 | 6 | 4 | 4 | 5 | 3 | 5 | 6 | 5 | 4 | 6 | 6 | 3 | 5 | 6 | 4 | 
12 | 6 | 6 | 3 | 6 | 5 | 5 | 3 | 6 | 4 | 3 | 3 | 3 | 6 | 4 | 6 | 
13 | 5 | 4 | 6 | 3 | 3 | 3 | 5 | 5 | 4 | 3 | 4 | 5 | 4 | 4 | 3 | 
14 | 4 | 3 | 6 | 3 | 4 | 6 | 6 | 3 | 3 | 5 | 3 | 4 | 3 | 6 | 5 | 

Busca Gulosa
Distancia Euclidiana
Estados gerados: 40
Estados visitados: 17
Custo do caminho: 78

   | 0 | 1 | 2 | 3 | 4 | 5 | 6 | 7 | 8 | 9 |10 |11 |12 |13 |14 |
0  | 1 | 1 | 1 | 1 | 1 | 1 | 1 | 1 | 1 | 1 | 1 | 1 | 1 | 1 | 1 | 
1  | 1 | 1 | 1 | 1 | 1 | 1 | 1 | 1 | 1 | 1 | 1 | 1 | 1 | 1 | 1 | 
2  | 1 | 1 | 1 | 1 | 1 | 1 | 1 | 1 | 1 | 1 | 1 | 1 | 1 | 1 | 1 | 
3  | 1 | 1 | 1 | 1 | 1 | 1 | 1 | 1 | 1 | 1 | 1 | 1 | 1 | 1 | 1 | 
4  | 1 | 1 | 1 | 1 | 1 | 1 | 1 | 1 | 1 | 1 | 1 | 1 | 1 | 1 | 1 | 
5  | 1 | 1 | 1 | 1 | 1 | 1 | 1 | 1 | 1 | 1 | 1 | 1 | 1 | 1 | 1 | 
6  | 1 | 1 | 1 | 1 | 1 | 1 | 1 | 1 | 1 | 1 | 1 | 1 | 1 | 1 | 1 | 
7  | 4 | 1 | 1 | 1 | 1 | 1 | 1 | 1 | 1 | 1 | 1 | 1 | 1 | 1 | 1 | 
8  | 6 | 3 | 1 | 1 | 1 | 1 | 1 | 1 | 1 | 1 | 1 | 1 | 1 | 1 | 5 | 
9  | 6 | 6 | 5 | 5 | 1 | 1 | 1 | 1 | 1 | 1 | 1 | 1 | 1 | 4 | 4 | 
10 | 5 | 5 | 6 | 3 | 5 | 5 | 1 | 1 | 1 | 1 | 1 | 5 | 6 | 5 | 4 | 
11 | 6 | 4 | 4 | 5 | 3 | 5 | 6 | 5 | 1 | 1 | 6 | 3 | 5 | 6 | 4 | 
12 | 6 | 6 | 3 | 6 | 5 | 5 | 3 | 6 | 4 | 3 | 3 | 3 | 6 | 4 | 6 | 
13 | 5 | 4 | 6 | 3 | 3 | 3 | 5 | 5 | 4 | 3 | 4 | 5 | 4 | 4 | 3 | 
14 | 4 | 3 | 6 | 3 | 4 | 6 | 6 | 3 | 3 | 5 | 3 | 4 | 3 | 6 | 5 | 

A*
Distancia Euclidiana
Estados gerados: 173
Estados visitados: 147
Custo do caminho: 64

   | 0 | 1 | 2 | 3 | 4 | 5 | 6 | 7 | 8 | 9 |10 |11 |12 |13 |14 |
0  | 1 | 1 | 1 | 1 | 1 | 1 | 1 | 1 | 1 | 1 | 1 | 1 | 1 | 1 | 1 | 
1  | 1 | 1 | 1 | 1 | 1 | 1 | 1 | 1 | 1 | 1 | 1 | 1 | 1 | 1 | 1 | 
2  | 1 | 1 | 1 | 1 | 1 | 1 | 1 | 1 | 1 | 1 | 1 | 1 | 1 | 1 | 1 | 
3  | 1 | 1 | 1 | 1 | 1 | 1 | 1 | 1 | 1 | 1 | 1 | 1 | 1 | 1 | 1 | 
4  | 1 | 1 | 1 | 1 | 1 | 1 | 1 | 1 | 1 | 1 | 1 | 1 | 1 | 1 | 1 | 
5  | 1 | 1 | 1 | 1 | 1 | 1 | 1 | 1 | 1 | 1 | 1 | 1 | 1 | 1 | 1 | 
6  | 1 | 1 | 1 | 1 | 1 | 1 | 1 | 1 | 1 | 1 | 1 | 1 | 1 | 1 | 1 | 
7  | 4 | 1 | 1 | 1 | 1 | 1 | 1 | 1 | 1 | 1 | 1 | 1 | 1 | 1 | 1 | 
8  | 6 | 3 | 4 | 1 | 1 | 1 | 1 | 1 | 1 | 1 | 1 | 1 | 1 | 1 | 5 | 
9  | 6 | 6 | 5 | 5 | 4 | 1 | 1 | 1 | 1 | 1 | 1 | 1 | 1 | 4 | 4 | 
10 | 5 | 5 | 6 | 3 | 5 | 5 | 4 | 5 | 1 | 1 | 1 | 5 | 6 | 5 | 4 | 
11 | 6 | 4 | 4 | 5 | 3 | 5 | 6 | 5 | 4 | 6 | 6 | 3 | 5 | 6 | 4 | 
12 | 6 | 6 | 3 | 6 | 5 | 5 | 3 | 6 | 4 | 3 | 3 | 3 | 6 | 4 | 6 | 
13 | 5 | 4 | 6 | 3 | 3 | 3 | 5 | 5 | 4 | 3 | 4 | 5 | 4 | 4 | 3 | 
14 | 4 | 3 | 6 | 3 | 4 | 6 | 6 | 3 | 3 | 5 | 3 | 4 | 3 | 6 | 5 | 

A*
Distancia Euclidiana
Estados gerados: 166
Estados visitados: 141
Custo do caminho: 64

   | 0 | 1 | 2 | 3 | 4 | 5 | 6 | 7 | 8 | 9 |10 |11 |12 |13 |14 |
0  | 6 | 6 | 4 | 4 | 3 | 4 | 5 | 5 | 6 | 4 | 3 | 4 | 5 | 4 | 5 | 
1  | 3 | 3 | 4 | 5 | 6 | 3 | 3 | 3 | 4 | 6 | 5 | 3 | 6 | 5 | 5 | 
2  | 6 | 5 | 3 | 3 | 4 | 4 | 6 | 4 | 6 | 3 | 5 | 6 | 6 | 4 | 6 | 
3  | 5 | 5 | 3 | 5 | 4 | 4 | 4 | 5 | 5 | 5 | 3 | 6 | 6 | 5 | 5 | 
4  | 5 | 4 | 3 | 3 | 6 | 5 | 4 | 5 | 6 | 5 | 4 | 4 | 6 | 6 | 6 | 
5  | 6 | 5 | 6 | 3 | 5 | 5 | 4 | 6 | 5 | 3 | 3 | 5 | 3 | 3 | 5 | 
6  | 6 | 4 | 5 | 4 | 5 | 3 | 5 | 3 | 3 | 6 | 3 | 6 | 4 | 3 | 5 | 
7  | 3 | 4 | 4 | 3 | 4 | 4 | 3 | 5 | 5 | 3 | 4 | 6 | 5 | 6 | 6 | 
8  | 3 | 6 | 6 | 5 | 4 | 3 | 4 | 4 | 6 | 4 | 4 | 3 | 5 | 3 | 5 | 
9  | 4 | 6 | 4 | 5 | 3 | 5 | 5 | 4 | 4 | 4 | 6 | 6 | 3 | 5 | 6 | 
10 | 5 | 3 | 3 | 6 | 6 | 6 | 5 | 4 | 3 | 3 | 3 | 4 | 6 | 3 | 3 | 
11 | 3 | 5 | 6 | 5 | 6 | 6 | 3 | 6 | 3 | 6 | 4 | 3 | 3 | 6 | 4 | 
12 | 3 | 4 | 5 | 5 | 3 | 4 | 3 | 5 | 3 | 3 | 3 | 5 | 3 | 6 | 5 | 
13 | 5 | 3 | 3 | 5 | 6 | 4 | 6 | 5 | 3 | 5 | 6 | 3 | 3 | 5 | 3 | 
14 | 6 | 6 | 5 | 5 | 4 | 5 | 5 | 6 | 3 | 4 | 3 | 3 | 5 | 3 | 4 | 

start: (4, 11)   finish: (5, 9)

   | 0 | 1 | 2 | 3 | 4 | 5 | 6 | 7 | 8 | 9 |10 |11 |12 |13 |14 |
0  | 6 | 6 | 4 | 4 | 3 | 4 | 5 | 5 | 6 | 4 | 3 | 4 | 5 | 4 | 5 | 
1  | 3 | 3 | 4 | 5 | 6 | 3 | 3 | 3 | 4 | 6 | 5 | 3 | 6 | 5 | 5 | 
2  | 6 | 5 | 3 | 3 | 4 | 4 | 6 | 4 | 6 | 3 | 5 | 6 | 6 | 4 | 6 | 
3  | 5 | 5 | 3 | 5 | 4 | 4 | 4 | 5 | 5 | 5 | 3 | 6 | 6 | 5 | 5 | 
4  | 5 | 4 | 3 | 3 | 6 | 5 | 4 | 5 | 6 | 1 | 1 | 1 | 6 | 6 | 6 | 
5  | 6 | 5 | 6 | 3 | 5 | 5 | 4 | 6 | 5 | 1 | 3 | 5 | 3 | 3 | 5 | 
6  | 6 | 4 | 5 | 4 | 5 | 3 | 5 | 3 | 3 | 6 | 3 | 6 | 4 | 3 | 5 | 
7  | 3 | 4 | 4 | 3 | 4 | 4 | 3 | 5 | 5 | 3 | 4 | 6 | 5 | 6 | 6 | 
8  | 3 | 6 | 6 | 5 | 4 | 3 | 4 | 4 | 6 | 4 | 4 | 3 | 5 | 3 | 5 | 
9  | 4 | 6 | 4 | 5 | 3 | 5 | 5 | 4 | 4 | 4 | 6 | 6 | 3 | 5 | 6 | 
10 | 5 | 3 | 3 | 6 | 6 | 6 | 5 | 4 | 3 | 3 | 3 | 4 | 6 | 3 | 3 | 
11 | 3 | 5 | 6 | 5 | 6 | 6 | 3 | 6 | 3 | 6 | 4 | 3 | 3 | 6 | 4 | 
12 | 3 | 4 | 5 | 5 | 3 | 4 | 3 | 5 | 3 | 3 | 3 | 5 | 3 | 6 | 5 | 
13 | 5 | 3 | 3 | 5 | 6 | 4 | 6 | 5 | 3 | 5 | 6 | 3 | 3 | 5 | 3 | 
14 | 6 | 6 | 5 | 5 | 4 | 5 | 5 | 6 | 3 | 4 | 3 | 3 | 5 | 3 | 4 | 

Busca Gulosa
Distancia Euclidiana
Estados gerados: 11
Estados visitados: 4
Custo do caminho: 16

   | 0 | 1 | 2 | 3 | 4 | 5 | 6 | 7 | 8 | 9 |10 |11 |12 |13 |14 |
0  | 6 | 6 | 4 | 4 | 3 | 4 | 5 | 5 | 6 | 4 | 3 | 4 | 5 | 4 | 5 | 
1  | 3 | 3 | 4 | 5 | 6 | 3 | 3 | 3 | 4 | 6 | 5 | 3 | 6 | 5 | 5 | 
2  | 6 | 5 | 3 | 3 | 4 | 4 | 6 | 4 | 6 | 3 | 5 | 6 | 6 | 4 | 6 | 
3  | 5 | 5 | 3 | 5 | 4 | 4 | 4 | 5 | 5 | 5 | 3 | 6 | 6 | 5 | 5 | 
4  | 5 | 4 | 3 | 3 | 6 | 5 | 4 | 5 | 6 | 1 | 1 | 1 | 6 | 6 | 6 | 
5  | 6 | 5 | 6 | 3 | 5 | 5 | 4 | 6 | 5 | 1 | 3 | 5 | 3 | 3 | 5 | 
6  | 6 | 4 | 5 | 4 | 5 | 3 | 5 | 3 | 3 | 6 | 3 | 6 | 4 | 3 | 5 | 
7  | 3 | 4 | 4 | 3 | 4 | 4 | 3 | 5 | 5 | 3 | 4 | 6 | 5 | 6 | 6 | 
8  | 3 | 6 | 6 | 5 | 4 | 3 | 4 | 4 | 6 | 4 | 4 | 3 | 5 | 3 | 5 | 
9  | 4 | 6 | 4 | 5 | 3 | 5 | 5 | 4 | 4 | 4 | 6 | 6 | 3 | 5 | 6 | 
10 | 5 | 3 | 3 | 6 | 6 | 6 | 5 | 4 | 3 | 3 | 3 | 4 | 6 | 3 | 3 | 
11 | 3 | 5 | 6 | 5 | 6 | 6 | 3 | 6 | 3 | 6 | 4 | 3 | 3 | 6 | 4 | 
12 | 3 | 4 | 5 | 5 | 3 | 4 | 3 | 5 | 3 | 3 | 3 | 5 | 3 | 6 | 5 | 
13 | 5 | 3 | 3 | 5 | 6 | 4 | 6 | 5 | 3 | 5 | 6 | 3 | 3 | 5 | 3 | 
14 | 6 | 6 | 5 | 5 | 4 | 5 | 5 | 6 | 3 | 4 | 3 | 3 | 5 | 3 | 4 | 

Busca Gulosa
Distancia Euclidiana
Estados gerados: 11
Estados visitados: 4
Custo do caminho: 16

   | 0 | 1 | 2 | 3 | 4 | 5 | 6 | 7 | 8 | 9 |10 |11 |12 |13 |14 |
0  | 6 | 6 | 4 | 4 | 3 | 4 | 5 | 5 | 6 | 4 | 3 | 4 | 5 | 4 | 5 | 
1  | 3 | 3 | 4 | 5 | 6 | 3 | 3 | 3 | 4 | 6 | 5 | 3 | 6 | 5 | 5 | 
2  | 6 | 5 | 3 | 3 | 4 | 4 | 6 | 4 | 6 | 3 | 5 | 6 | 6 | 4 | 6 | 
3  | 5 | 5 | 3 | 5 | 4 | 4 | 4 | 5 | 5 | 5 | 1 | 1 | 6 | 5 | 5 | 
4  | 5 | 4 | 3 | 3 | 6 | 5 | 4 | 5 | 6 | 1 | 1 | 1 | 1 | 6 | 6 | 
5  | 6 | 5 | 6 | 3 | 5 | 5 | 4 | 6 | 5 | 1 | 1 | 1 | 3 | 3 | 5 | 
6  | 6 | 4 | 5 | 4 | 5 | 3 | 5 | 3 | 3 | 6 | 3 | 6 | 4 | 3 | 5 | 
7  | 3 | 4 | 4 | 3 | 4 | 4 | 3 | 5 | 5 | 3 | 4 | 6 | 5 | 6 | 6 | 
8  | 3 | 6 | 6 | 5 | 4 | 3 | 4 | 4 | 6 | 4 | 4 | 3 | 5 | 3 | 5 | 
9  | 4 | 6 | 4 | 5 | 3 | 5 | 5 | 4 | 4 | 4 | 6 | 6 | 3 | 5 | 6 | 
10 | 5 | 3 | 3 | 6 | 6 | 6 | 5 | 4 | 3 | 3 | 3 | 4 | 6 | 3 | 3 | 
11 | 3 | 5 | 6 | 5 | 6 | 6 | 3 | 6 | 3 | 6 | 4 | 3 | 3 | 6 | 4 | 
12 | 3 | 4 | 5 | 5 | 3 | 4 | 3 | 5 | 3 | 3 | 3 | 5 | 3 | 6 | 5 | 
13 | 5 | 3 | 3 | 5 | 6 | 4 | 6 | 5 | 3 | 5 | 6 | 3 | 3 | 5 | 3 | 
14 | 6 | 6 | 5 | 5 | 4 | 5 | 5 | 6 | 3 | 4 | 3 | 3 | 5 | 3 | 4 | 

A*
Distancia Euclidiana
Estados gerados: 18
Estados visitados: 9
Custo do caminho: 14

   | 0 | 1 | 2 | 3 | 4 | 5 | 6 | 7 | 8 | 9 |10 |11 |12 |13 |14 |
0  | 6 | 6 | 4 | 4 | 3 | 4 | 5 | 5 | 6 | 4 | 3 | 4 | 5 | 4 | 5 | 
1  | 3 | 3 | 4 | 5 | 6 | 3 | 3 | 3 | 4 | 6 | 5 | 3 | 6 | 5 | 5 | 
2  | 6 | 5 | 3 | 3 | 4 | 4 | 6 | 4 | 6 | 3 | 5 | 6 | 6 | 4 | 6 | 
3  | 5 | 5 | 3 | 5 | 4 | 4 | 4 | 5 | 5 | 5 | 1 | 1 | 6 | 5 | 5 | 
4  | 5 | 4 | 3 | 3 | 6 | 5 | 4 | 5 | 6 | 1 | 1 | 1 | 1 | 6 | 6 | 
5  | 6 | 5 | 6 | 3 | 5 | 5 | 4 | 6 | 5 | 1 | 1 | 1 | 3 | 3 | 5 | 
6  | 6 | 4 | 5 | 4 | 5 | 3 | 5 | 3 | 3 | 6 | 3 | 6 | 4 | 3 | 5 | 
7  | 3 | 4 | 4 | 3 | 4 | 4 | 3 | 5 | 5 | 3 | 4 | 6 | 5 | 6 | 6 | 
8  | 3 | 6 | 6 | 5 | 4 | 3 | 4 | 4 | 6 | 4 | 4 | 3 | 5 | 3 | 5 | 
9  | 4 | 6 | 4 | 5 | 3 | 5 | 5 | 4 | 4 | 4 | 6 | 6 | 3 | 5 | 6 | 
10 | 5 | 3 | 3 | 6 | 6 | 6 | 5 | 4 | 3 | 3 | 3 | 4 | 6 | 3 | 3 | 
11 | 3 | 5 | 6 | 5 | 6 | 6 | 3 | 6 | 3 | 6 | 4 | 3 | 3 | 6 | 4 | 
12 | 3 | 4 | 5 | 5 | 3 | 4 | 3 | 5 | 3 | 3 | 3 | 5 | 3 | 6 | 5 | 
13 | 5 | 3 | 3 | 5 | 6 | 4 | 6 | 5 | 3 | 5 | 6 | 3 | 3 | 5 | 3 | 
14 | 6 | 6 | 5 | 5 | 4 | 5 | 5 | 6 | 3 | 4 | 3 | 3 | 5 | 3 | 4 | 

A*
Distancia Euclidiana
Estados gerados: 18
Estados visitados: 9
Custo do caminho: 14

   | 0 | 1 | 2 | 3 | 4 | 5 | 6 | 7 | 8 | 9 |10 |11 |12 |13 |14 |
0  | 5 | 3 | 5 | 4 | 5 | 5 | 4 | 4 | 5 | 5 | 6 | 6 | 5 | 4 | 4 | 
1  | 3 | 3 | 6 | 3 | 6 | 5 | 6 | 4 | 4 | 4 | 3 | 3 | 4 | 3 | 3 | 
2  | 6 | 5 | 4 | 4 | 3 | 6 | 4 | 4 | 3 | 4 | 4 | 6 | 3 | 6 | 4 | 
3  | 5 | 3 | 6 | 5 | 4 | 6 | 3 | 5 | 3 | 6 | 6 | 5 | 3 | 4 | 3 | 
4  | 6 | 5 | 3 | 5 | 6 | 6 | 3 | 3 | 4 | 3 | 3 | 6 | 4 | 4 | 4 | 
5  | 3 | 3 | 4 | 6 | 5 | 4 | 5 | 3 | 4 | 5 | 6 | 3 | 3 | 3 | 6 | 
6  | 3 | 4 | 4 | 5 | 6 | 4 | 4 | 4 | 6 | 5 | 5 | 6 | 6 | 3 | 3 | 
7  | 6 | 4 | 6 | 6 | 4 | 6 | 4 | 4 | 3 | 5 | 5 | 5 | 6 | 6 | 6 | 
8  | 6 | 4 | 4 | 4 | 4 | 3 | 5 | 4 | 6 | 3 | 4 | 5 | 3 | 5 | 3 | 
9  | 5 | 6 | 5 | 4 | 6 | 5 | 3 | 6 | 3 | 6 | 4 | 5 | 4 | 4 | 3 | 
10 | 4 | 4 | 5 | 6 | 6 | 5 | 6 | 6 | 4 | 5 | 4 | 4 | 5 | 4 | 3 | 
11 | 4 | 6 | 5 | 4 | 3 | 3 | 4 | 5 | 3 | 6 | 6 | 3 | 4 | 4 | 6 | 
12 | 3 | 4 | 6 | 6 | 6 | 3 | 6 | 3 | 6 | 5 | 6 | 6 | 5 | 5 | 5 | 
13 | 3 | 4 | 4 | 3 | 5 | 3 | 5 | 3 | 3 | 5 | 5 | 5 | 3 | 3 | 5 | 
14 | 6 | 5 | 5 | 4 | 6 | 6 | 4 | 4 | 4 | 6 | 5 | 3 | 6 | 5 | 4 | 

start: (4, 12)   finish: (7, 9)

   | 0 | 1 | 2 | 3 | 4 | 5 | 6 | 7 | 8 | 9 |10 |11 |12 |13 |14 |
0  | 5 | 3 | 5 | 4 | 5 | 5 | 4 | 4 | 5 | 5 | 6 | 6 | 5 | 4 | 4 | 
1  | 3 | 3 | 6 | 3 | 6 | 5 | 6 | 4 | 4 | 4 | 3 | 3 | 4 | 3 | 3 | 
2  | 6 | 5 | 4 | 4 | 3 | 6 | 4 | 4 | 3 | 4 | 4 | 6 | 3 | 6 | 4 | 
3  | 5 | 3 | 6 | 5 | 4 | 6 | 3 | 5 | 3 | 6 | 6 | 5 | 3 | 4 | 3 | 
4  | 6 | 5 | 3 | 5 | 6 | 6 | 3 | 3 | 4 | 3 | 3 | 1 | 1 | 4 | 4 | 
5  | 3 | 3 | 4 | 6 | 5 | 4 | 5 | 3 | 4 | 5 | 1 | 1 | 3 | 3 | 6 | 
6  | 3 | 4 | 4 | 5 | 6 | 4 | 4 | 4 | 6 | 1 | 1 | 6 | 6 | 3 | 3 | 
7  | 6 | 4 | 6 | 6 | 4 | 6 | 4 | 4 | 3 | 1 | 5 | 5 | 6 | 6 | 6 | 
8  | 6 | 4 | 4 | 4 | 4 | 3 | 5 | 4 | 6 | 3 | 4 | 5 | 3 | 5 | 3 | 
9  | 5 | 6 | 5 | 4 | 6 | 5 | 3 | 6 | 3 | 6 | 4 | 5 | 4 | 4 | 3 | 
10 | 4 | 4 | 5 | 6 | 6 | 5 | 6 | 6 | 4 | 5 | 4 | 4 | 5 | 4 | 3 | 
11 | 4 | 6 | 5 | 4 | 3 | 3 | 4 | 5 | 3 | 6 | 6 | 3 | 4 | 4 | 6 | 
12 | 3 | 4 | 6 | 6 | 6 | 3 | 6 | 3 | 6 | 5 | 6 | 6 | 5 | 5 | 5 | 
13 | 3 | 4 | 4 | 3 | 5 | 3 | 5 | 3 | 3 | 5 | 5 | 5 | 3 | 3 | 5 | 
14 | 6 | 5 | 5 | 4 | 6 | 6 | 4 | 4 | 4 | 6 | 5 | 3 | 6 | 5 | 4 | 

Busca Gulosa
Distancia Euclidiana
Estados gerados: 20
Estados visitados: 7
Custo do caminho: 34

   | 0 | 1 | 2 | 3 | 4 | 5 | 6 | 7 | 8 | 9 |10 |11 |12 |13 |14 |
0  | 5 | 3 | 5 | 4 | 5 | 5 | 4 | 4 | 5 | 5 | 6 | 6 | 5 | 4 | 4 | 
1  | 3 | 3 | 6 | 3 | 6 | 5 | 6 | 4 | 4 | 4 | 3 | 3 | 4 | 3 | 3 | 
2  | 6 | 5 | 4 | 4 | 3 | 6 | 4 | 4 | 3 | 4 | 4 | 6 | 3 | 6 | 4 | 
3  | 5 | 3 | 6 | 5 | 4 | 6 | 3 | 5 | 3 | 6 | 6 | 5 | 3 | 4 | 3 | 
4  | 6 | 5 | 3 | 5 | 6 | 6 | 3 | 3 | 4 | 1 | 1 | 1 | 1 | 4 | 4 | 
5  | 3 | 3 | 4 | 6 | 5 | 4 | 5 | 3 | 4 | 1 | 6 | 3 | 3 | 3 | 6 | 
6  | 3 | 4 | 4 | 5 | 6 | 4 | 4 | 4 | 6 | 1 | 5 | 6 | 6 | 3 | 3 | 
7  | 6 | 4 | 6 | 6 | 4 | 6 | 4 | 4 | 3 | 1 | 5 | 5 | 6 | 6 | 6 | 
8  | 6 | 4 | 4 | 4 | 4 | 3 | 5 | 4 | 6 | 3 | 4 | 5 | 3 | 5 | 3 | 
9  | 5 | 6 | 5 | 4 | 6 | 5 | 3 | 6 | 3 | 6 | 4 | 5 | 4 | 4 | 3 | 
10 | 4 | 4 | 5 | 6 | 6 | 5 | 6 | 6 | 4 | 5 | 4 | 4 | 5 | 4 | 3 | 
11 | 4 | 6 | 5 | 4 | 3 | 3 | 4 | 5 | 3 | 6 | 6 | 3 | 4 | 4 | 6 | 
12 | 3 | 4 | 6 | 6 | 6 | 3 | 6 | 3 | 6 | 5 | 6 | 6 | 5 | 5 | 5 | 
13 | 3 | 4 | 4 | 3 | 5 | 3 | 5 | 3 | 3 | 5 | 5 | 5 | 3 | 3 | 5 | 
14 | 6 | 5 | 5 | 4 | 6 | 6 | 4 | 4 | 4 | 6 | 5 | 3 | 6 | 5 | 4 | 

Busca Gulosa
Distancia Euclidiana
Estados gerados: 20
Estados visitados: 7
Custo do caminho: 31

   | 0 | 1 | 2 | 3 | 4 | 5 | 6 | 7 | 8 | 9 |10 |11 |12 |13 |14 |
0  | 5 | 3 | 5 | 4 | 5 | 5 | 4 | 4 | 5 | 5 | 6 | 1 | 1 | 1 | 4 | 
1  | 3 | 3 | 6 | 3 | 6 | 5 | 6 | 4 | 4 | 1 | 1 | 1 | 1 | 1 | 1 | 
2  | 6 | 5 | 4 | 4 | 3 | 6 | 4 | 4 | 3 | 1 | 1 | 1 | 1 | 1 | 1 | 
3  | 5 | 3 | 6 | 5 | 4 | 6 | 3 | 5 | 1 | 1 | 1 | 1 | 1 | 1 | 1 | 
4  | 6 | 5 | 3 | 5 | 6 | 6 | 1 | 1 | 1 | 1 | 1 | 1 | 1 | 1 | 1 | 
5  | 3 | 3 | 4 | 6 | 5 | 4 | 5 | 1 | 1 | 1 | 1 | 1 | 1 | 1 | 1 | 
6  | 3 | 4 | 4 | 5 | 6 | 4 | 4 | 4 | 6 | 1 | 1 | 1 | 1 | 1 | 1 | 
7  | 6 | 4 | 6 | 6 | 4 | 6 | 4 | 4 | 3 | 1 | 1 | 1 | 1 | 1 | 1 | 
8  | 6 | 4 | 4 | 4 | 4 | 3 | 5 | 4 | 6 | 3 | 4 | 1 | 1 | 1 | 1 | 
9  | 5 | 6 | 5 | 4 | 6 | 5 | 3 | 6 | 3 | 6 | 4 | 5 | 1 | 4 | 3 | 
10 | 4 | 4 | 5 | 6 | 6 | 5 | 6 | 6 | 4 | 5 | 4 | 4 | 5 | 4 | 3 | 
11 | 4 | 6 | 5 | 4 | 3 | 3 | 4 | 5 | 3 | 6 | 6 | 3 | 4 | 4 | 6 | 
12 | 3 | 4 | 6 | 6 | 6 | 3 | 6 | 3 | 6 | 5 | 6 | 6 | 5 | 5 | 5 | 
13 | 3 | 4 | 4 | 3 | 5 | 3 | 5 | 3 | 3 | 5 | 5 | 5 | 3 | 3 | 5 | 
14 | 6 | 5 | 5 | 4 | 6 | 6 | 4 | 4 | 4 | 6 | 5 | 3 | 6 | 5 | 4 | 

A*
Distancia Euclidiana
Estados gerados: 75
Estados visitados: 56
Custo do caminho: 31

   | 0 | 1 | 2 | 3 | 4 | 5 | 6 | 7 | 8 | 9 |10 |11 |12 |13 |14 |
0  | 5 | 3 | 5 | 4 | 5 | 5 | 4 | 4 | 5 | 5 | 6 | 6 | 1 | 4 | 4 | 
1  | 3 | 3 | 6 | 3 | 6 | 5 | 6 | 4 | 4 | 1 | 1 | 1 | 1 | 1 | 1 | 
2  | 6 | 5 | 4 | 4 | 3 | 6 | 4 | 4 | 3 | 1 | 1 | 1 | 1 | 1 | 1 | 
3  | 5 | 3 | 6 | 5 | 4 | 6 | 3 | 5 | 1 | 1 | 1 | 1 | 1 | 1 | 1 | 
4  | 6 | 5 | 3 | 5 | 6 | 6 | 3 | 1 | 1 | 1 | 1 | 1 | 1 | 1 | 1 | 
5  | 3 | 3 | 4 | 6 | 5 | 4 | 5 | 1 | 1 | 1 | 1 | 1 | 1 | 1 | 1 | 
6  | 3 | 4 | 4 | 5 | 6 | 4 | 4 | 4 | 6 | 1 | 1 | 1 | 1 | 1 | 1 | 
7  | 6 | 4 | 6 | 6 | 4 | 6 | 4 | 4 | 3 | 1 | 1 | 1 | 1 | 1 | 1 | 
8  | 6 | 4 | 4 | 4 | 4 | 3 | 5 | 4 | 6 | 3 | 4 | 1 | 1 | 1 | 3 | 
9  | 5 | 6 | 5 | 4 | 6 | 5 | 3 | 6 | 3 | 6 | 4 | 5 | 4 | 4 | 3 | 
10 | 4 | 4 | 5 | 6 | 6 | 5 | 6 | 6 | 4 | 5 | 4 | 4 | 5 | 4 | 3 | 
11 | 4 | 6 | 5 | 4 | 3 | 3 | 4 | 5 | 3 | 6 | 6 | 3 | 4 | 4 | 6 | 
12 | 3 | 4 | 6 | 6 | 6 | 3 | 6 | 3 | 6 | 5 | 6 | 6 | 5 | 5 | 5 | 
13 | 3 | 4 | 4 | 3 | 5 | 3 | 5 | 3 | 3 | 5 | 5 | 5 | 3 | 3 | 5 | 
14 | 6 | 5 | 5 | 4 | 6 | 6 | 4 | 4 | 4 | 6 | 5 | 3 | 6 | 5 | 4 | 

A*
Distancia Euclidiana
Estados gerados: 71
Estados visitados: 51
Custo do caminho: 31

